,County,Higher Degree,H.S. Diploma,No H.S. Diploma
0,16914,27.327528%,63.228399%,9.444072%
1,16925,21.523892%,67.326733%,11.149376%
2,16926,22.852512%,64.343598%,12.803890%
3,16936,19.709544%,67.081604%,13.208852%
4,16947,25.975414%,61.170497%,12.854089%
5,17724,20.416922%,66.217045%,13.366033%
6,18623,17.552083%,67.187500%,15.260417%
7,18810,26.444876%,63.793103%,9.762020%
8,18814,21.052632%,78.947368%,0.000000%
9,18817,38.400000%,54.400000%,7.200000%
10,18829,24.907749%,65.313653%,9.778598%
11,18830,22.900763%,62.977099%,14.122137%
12,18831,17.008197%,65.368852%,17.622951%
13,18832,21.036107%,69.937206%,9.026688%
14,18833,16.561404%,73.614035%,9.824561%
15,18837,21.638258%,68.087121%,10.274621%
16,18840,35.775381%,55.088633%,9.135986%
17,18845,14.342629%,71.713147%,13.944223%
18,18846,22.919937%,70.172684%,6.907378%
19,18848,30.242247%,57.151674%,12.606079%
20,18850,22.972052%,66.530334%,10.497614%
21,18851,23.364486%,67.476636%,9.158879%
22,18853,25.729621%,66.353573%,7.916806%
23,18854,17.741935%,62.211982%,20.046083%
24,18414,43.733950%,51.900360%,4.365691%
25,18419,34.813614%,58.379254%,6.807131%
26,18446,26.739640%,62.666145%,10.594214%
27,18612,41.648690%,51.278891%,7.072419%
28,18614,20.835482%,69.881382%,9.283136%
29,18615,26.514032%,66.174298%,7.311669%
30,18618,42.362598%,48.037116%,9.600286%
31,18623,17.552083%,67.187500%,15.260417%
32,18625,48.158640%,47.025496%,4.815864%
33,18629,20.778073%,71.175950%,8.045977%
34,18630,16.696670%,71.827183%,11.476148%
35,18636,19.563153%,70.465337%,9.971510%
36,18657,28.662784%,63.469225%,7.867991%
37,18844,22.799423%,64.357864%,12.842713%
38,18405,27.896104%,62.649351%,9.454545%
39,18415,46.721311%,43.208431%,10.070258%
40,18417,24.805195%,65.714286%,9.480519%
41,18421,26.182965%,64.064143%,9.752892%
42,18424,33.671347%,58.658346%,7.670307%
43,18427,0.000000%,100.000000%,0.000000%
44,18428,30.620155%,61.295681%,8.084164%
45,18431,30.064668%,60.493827%,9.441505%
46,18436,30.702588%,61.119915%,8.177496%
47,18437,43.604651%,54.069767%,2.325581%
48,18438,38.713080%,53.270042%,8.016878%
49,18439,27.380952%,65.178571%,7.440476%
50,18443,16.712329%,81.095890%,2.191781%
51,18444,36.818049%,55.246523%,7.935427%
52,18445,30.740741%,60.158730%,9.100529%
53,18453,24.179830%,68.894289%,6.925881%
54,18454,0.000000%,0.000000%,100.000000%
55,18455,11.666667%,78.333333%,10.000000%
56,18456,15.654952%,71.565495%,12.779553%
57,18459,24.390244%,48.780488%,26.829268%
58,18460,34.586466%,51.127820%,14.285714%
59,18461,17.532468%,68.181818%,14.285714%
60,18462,32.475884%,51.768489%,15.755627%
61,18463,24.309392%,71.270718%,4.419890%
62,18465,30.259067%,57.409326%,12.331606%
63,18469,17.793594%,76.512456%,5.693950%
64,18470,34.496920%,57.357974%,8.145106%
65,18472,16.057181%,66.855053%,17.087766%
66,18473,36.388140%,56.873315%,6.738544%
67,18847,23.731307%,64.255945%,12.012748%
68,17005,26.171875%,62.109375%,11.718750%
69,17017,24.361158%,66.269165%,9.369676%
70,17018,34.029670%,60.339086%,5.631244%
71,17020,24.063615%,67.003567%,8.932818%
72,17022,37.632156%,53.475962%,8.891881%
73,17023,23.133716%,63.084495%,13.781788%
74,17028,28.866366%,59.234234%,11.899399%
75,17030,17.507886%,63.564669%,18.927445%
76,17032,26.078235%,62.637914%,11.283852%
77,17033,56.524957%,36.962421%,6.512622%
78,17034,24.335499%,62.728884%,12.935617%
79,17036,55.762034%,40.166473%,4.071493%
80,17048,15.884194%,61.032864%,23.082942%
81,17057,27.906514%,58.681362%,13.412124%
82,17061,22.728131%,57.698848%,19.573021%
83,17078,40.896267%,52.253789%,6.849944%
84,17080,20.571429%,60.571429%,18.857143%
85,17097,18.374558%,62.544170%,19.081272%
86,17098,16.228838%,71.745476%,12.025686%
87,17101,29.944444%,48.444444%,21.611111%
88,17102,39.229422%,48.406305%,12.364273%
89,17103,21.889305%,61.548065%,16.562630%
90,17104,19.416033%,54.506513%,26.077454%
91,17109,37.414073%,53.630796%,8.955131%
92,17110,42.405882%,47.029412%,10.564706%
93,17111,42.113619%,48.850082%,9.036300%
94,17112,47.312547%,46.809264%,5.878190%
95,17113,23.574034%,64.215901%,12.210066%
96,17120,Not applicable,Not applicable,Not applicable
97,17980,20.765027%,66.985428%,12.249545%
98,15613,30.163781%,62.302293%,7.533926%
99,15618,21.685393%,67.584270%,10.730337%
100,15656,35.151263%,56.841521%,8.007216%
101,15673,22.838137%,64.190687%,12.971175%
102,15686,18.783542%,67.799642%,13.416816%
103,15690,23.404932%,65.966587%,10.628481%
104,15732,19.552110%,68.475452%,11.972438%
105,15736,30.639098%,64.285714%,5.075188%
106,15774,32.579787%,59.219858%,8.200355%
107,16025,25.658063%,67.927421%,6.414516%
108,16028,21.705426%,66.243834%,12.050740%
109,16041,17.269625%,68.600683%,14.129693%
110,16049,17.568807%,70.137615%,12.293578%
111,16055,36.288089%,59.879963%,3.831948%
112,16201,28.136068%,60.788076%,11.075856%
113,16210,12.839879%,66.314199%,20.845921%
114,16212,20.253165%,67.932489%,11.814346%
115,16218,16.841004%,70.815900%,12.343096%
116,16222,20.432099%,63.024691%,16.543210%
117,16223,9.482759%,87.931034%,2.586207%
118,16224,22.197309%,58.968610%,18.834081%
119,16226,28.147372%,64.780863%,7.071765%
120,16228,18.820225%,73.876404%,7.303371%
121,16229,35.465116%,58.942414%,5.592470%
122,16236,8.115942%,61.739130%,30.144928%
123,16238,36.482085%,56.351792%,7.166124%
124,16240,13.367347%,72.653061%,13.979592%
125,16242,23.118767%,61.922031%,14.959202%
126,16244,11.445783%,80.722892%,7.831325%
127,16245,5.521472%,77.914110%,16.564417%
128,16249,31.285714%,59.571429%,9.142857%
129,16250,4.954955%,58.558559%,36.486486%
130,16253,3.750000%,78.750000%,17.500000%
131,16259,13.992674%,73.333333%,12.673993%
132,16262,26.784835%,64.057115%,9.158050%
133,16263,22.907489%,66.519824%,10.572687%
134,16038,25.197472%,61.927330%,12.875197%
135,16127,40.214962%,50.952432%,8.832606%
136,16153,28.025478%,62.154989%,9.819533%
137,16232,27.751835%,61.607738%,10.640427%
138,16301,27.306273%,63.995783%,8.697944%
139,16311,29.133858%,62.729659%,8.136483%
140,16314,21.652720%,65.010460%,13.336820%
141,16317,17.448405%,72.232645%,10.318949%
142,16319,21.505376%,72.150538%,6.344086%
143,16323,24.673160%,63.156971%,12.169869%
144,16341,26.214286%,65.428571%,8.357143%
145,16342,18.269778%,62.492886%,19.237336%
146,16343,34.782609%,57.453416%,7.763975%
147,16344,16.802168%,73.170732%,10.027100%
148,16346,26.353039%,62.073272%,11.573689%
149,16353,22.583779%,60.903351%,16.512870%
150,16354,23.394557%,64.633329%,11.972114%
151,16362,21.395881%,64.759725%,13.844394%
152,16364,21.040189%,66.430260%,12.529551%
153,16372,20.886076%,68.987342%,10.126582%
154,16373,25.884460%,64.532020%,9.583520%
155,16374,23.246753%,65.389610%,11.363636%
156,15521,18.545752%,75.000000%,6.454248%
157,15522,25.407656%,62.888863%,11.703481%
158,15533,21.549156%,59.781529%,18.669315%
159,15534,17.397454%,68.316832%,14.285714%
160,15535,18.590998%,63.470320%,17.938682%
161,15537,17.985490%,68.179517%,13.834992%
162,15539,44.161359%,43.736730%,12.101911%
163,15545,18.441161%,67.142129%,14.416709%
164,15550,18.614719%,66.320346%,15.064935%
165,15554,24.532578%,66.742210%,8.725212%
166,15559,17.408377%,66.688482%,15.903141%
167,15946,28.461538%,62.806653%,8.731809%
168,16625,15.761887%,68.925496%,15.312617%
169,16633,19.841270%,73.015873%,7.142857%
170,16650,22.025496%,64.376771%,13.597734%
171,16655,15.273038%,72.269625%,12.457338%
172,16657,19.407559%,71.297242%,9.295199%
173,16659,16.981132%,71.698113%,11.320755%
174,16662,23.702830%,64.669811%,11.627358%
175,16664,22.375479%,58.850575%,18.773946%
176,16667,17.964694%,70.820353%,11.214953%
177,16670,21.951220%,78.048780%,0.000000%
178,16672,9.729730%,64.324324%,25.945946%
179,16673,25.317139%,66.099865%,8.582996%
180,16678,22.890295%,61.867089%,15.242616%
181,16679,7.754443%,76.736672%,15.508885%
182,16694,15.333333%,64.666667%,20.000000%
183,16695,26.271186%,62.146893%,11.581921%
184,17211,9.200000%,77.200000%,13.600000%
185,17022,37.632156%,53.475962%,8.891881%
186,17073,16.196355%,60.052910%,23.750735%
187,17501,33.311959%,54.151972%,12.536069%
188,17502,26.152253%,61.574314%,12.273433%
189,17505,17.993367%,35.240464%,46.766169%
190,17507,0.000000%,55.555556%,44.444444%
191,17508,23.076923%,62.068966%,14.854111%
192,17509,22.162986%,42.688500%,35.148515%
193,17512,26.180880%,61.018862%,12.800258%
194,17516,31.764329%,58.885687%,9.349984%
195,17517,28.660061%,54.736550%,16.603389%
196,17518,14.267990%,56.451613%,29.280397%
197,17519,18.093890%,48.855862%,33.050248%
198,17520,39.435792%,56.508963%,4.055245%
199,17522,28.623285%,51.115538%,20.261178%
200,17527,18.571816%,53.923432%,27.504752%
201,17529,19.244476%,40.912331%,39.843193%
202,17532,19.619620%,64.214214%,16.166166%
203,17535,13.709677%,38.440860%,47.849462%
204,17536,19.573171%,45.731707%,34.695122%
205,17538,55.375485%,42.319105%,2.305410%
206,17540,29.821457%,47.225350%,22.953193%
207,17543,43.222043%,47.194288%,9.583669%
208,17545,29.570313%,57.180990%,13.248698%
209,17547,33.829237%,59.271238%,6.899526%
210,17550,8.207934%,91.792066%,0.000000%
211,17551,41.038915%,51.874331%,7.086755%
212,17552,36.176135%,57.529261%,6.294605%
213,17554,35.181357%,57.282466%,7.536177%
214,17555,19.795627%,47.409696%,32.794677%
215,17557,19.437603%,51.169951%,29.392447%
216,17560,14.853058%,69.631983%,15.514959%
217,17562,13.591837%,42.244898%,44.163265%
218,17563,13.467425%,63.052033%,23.480542%
219,17565,22.373541%,63.083658%,14.542802%
220,17566,20.884458%,57.911554%,21.203988%
221,17569,33.110993%,54.135539%,12.753469%
222,17570,43.137255%,48.366013%,8.496732%
223,17572,15.381338%,51.427354%,33.191308%
224,17576,9.036145%,17.469880%,73.493976%
225,17578,24.450118%,56.932443%,18.617439%
226,17579,32.327141%,52.708978%,14.963880%
227,17581,22.743682%,54.512635%,22.743682%
228,17582,29.898305%,62.508475%,7.593220%
229,17584,34.360397%,56.629673%,9.009930%
230,17601,49.779687%,42.474712%,7.745601%
231,17602,29.517481%,50.699526%,19.782993%
232,17603,33.445723%,51.081141%,15.473136%
233,17606,30.800821%,61.190965%,8.008214%
234,19310,26.183996%,53.402286%,20.413718%
235,19344,31.932021%,53.296703%,14.771275%
236,19362,25.473411%,59.403372%,15.123217%
237,19363,33.961744%,49.871253%,16.167004%
238,19501,24.383917%,65.110246%,10.505837%
239,19540,38.097526%,53.783329%,8.119145%
240,19543,42.817818%,48.298298%,8.883884%
241,19551,28.772803%,60.392482%,10.834715%
242,15832,18.750000%,64.453125%,16.796875%
243,15834,25.960637%,62.168072%,11.871290%
244,15861,16.949153%,63.559322%,19.491525%
245,16720,12.273212%,73.212380%,14.514408%
246,16666,17.622572%,67.946346%,14.431082%
247,16677,0.000000%,96.039604%,3.960396%
248,16680,18.644068%,73.163842%,8.192090%
249,16686,28.010695%,64.053476%,7.935829%
250,16801,71.619600%,24.980735%,3.399665%
251,16802,75.000000%,25.000000%,0.000000%
252,16803,69.157825%,26.843501%,3.998674%
253,16820,25.158831%,60.101652%,14.739517%
254,16822,21.384510%,63.879369%,14.736121%
255,16823,34.898811%,56.720211%,8.380978%
256,16826,15.919283%,72.421525%,11.659193%
257,16827,72.606863%,24.262492%,3.130644%
258,16828,39.633963%,54.005401%,6.360636%
259,16829,16.666667%,75.854701%,7.478632%
260,16832,24.338624%,56.878307%,18.783069%
261,16835,25.409836%,66.393443%,8.196721%
262,16841,22.767965%,63.876119%,13.355916%
263,16844,31.598174%,61.963470%,6.438356%
264,16845,13.229018%,70.554765%,16.216216%
265,16851,75.576037%,24.423963%,0.000000%
266,16852,16.129032%,61.751152%,22.119816%
267,16853,18.750000%,70.625000%,10.625000%
268,16854,32.363014%,55.993151%,11.643836%
269,16859,17.737789%,71.208226%,11.053985%
270,16860,47.577093%,52.422907%,0.000000%
271,16865,54.716981%,39.947951%,5.335068%
272,16866,18.656435%,66.033463%,15.310102%
273,16868,31.407942%,68.592058%,0.000000%
274,16870,56.336551%,39.928661%,3.734788%
275,16872,17.997465%,57.541191%,24.461343%
276,16874,16.525024%,72.898961%,10.576015%
277,16875,34.085133%,51.493011%,14.421855%
278,16877,40.677966%,56.009245%,3.312789%
279,16882,33.854167%,49.479167%,16.666667%
280,16037,40.567201%,53.020962%,6.411837%
281,16051,30.553037%,63.191296%,6.255666%
282,16057,38.317343%,52.634686%,9.047970%
283,16101,23.755112%,64.093266%,12.151621%
284,16102,32.516189%,58.279371%,9.204440%
285,16105,39.277283%,55.020883%,5.701834%
286,16112,27.592267%,60.896309%,11.511424%
287,16116,29.618387%,57.025152%,13.356461%
288,16117,33.648439%,57.411784%,8.939777%
289,16120,27.801418%,59.078014%,13.120567%
290,16123,38.711776%,51.984385%,9.303839%
291,16127,40.214962%,50.952432%,8.832606%
292,16132,0.000000%,73.134328%,26.865672%
293,16140,0.000000%,100.000000%,0.000000%
294,16141,31.231454%,55.489614%,13.278932%
295,16142,36.776333%,41.979087%,21.244580%
296,16143,21.631799%,68.535565%,9.832636%
297,16155,53.076923%,26.153846%,20.769231%
298,16156,30.252101%,58.230351%,11.517548%
299,16157,23.203194%,68.056788%,8.740018%
300,16159,28.003508%,63.139433%,8.857059%
301,16160,21.377331%,62.984218%,15.638451%
302,15004,23.809524%,71.904762%,4.285714%
303,15012,36.193242%,57.963745%,5.843013%
304,15017,47.836028%,46.398824%,5.765148%
305,15019,25.260417%,68.402778%,6.336806%
306,15021,24.727149%,62.431787%,12.841064%
307,15022,31.936018%,59.942085%,8.121897%
308,15025,43.788739%,50.973374%,5.237887%
309,15026,30.673617%,63.191660%,6.134723%
310,15033,30.209918%,60.419836%,9.370246%
311,15038,7.111111%,85.777778%,7.111111%
312,15053,22.047244%,61.417323%,16.535433%
313,15054,15.259740%,64.285714%,20.454545%
314,15055,40.398741%,51.206716%,8.394544%
315,15057,45.149912%,47.730437%,7.119651%
316,15060,17.647059%,73.137255%,9.215686%
317,15063,34.825930%,57.058824%,8.115246%
318,15067,26.054591%,61.786600%,12.158809%
319,15078,16.141732%,56.299213%,27.559055%
320,15126,49.662748%,41.510888%,8.826363%
321,15129,52.230459%,45.103394%,2.666146%
322,15241,74.449308%,24.011579%,1.539113%
323,15301,33.136128%,56.559652%,10.304220%
324,15311,35.073260%,59.432234%,5.494505%
325,15312,30.434783%,60.564455%,9.000763%
326,15313,25.912409%,59.854015%,14.233577%
327,15314,29.135338%,60.263158%,10.601504%
328,15317,53.941970%,40.691185%,5.366845%
329,15321,41.718335%,54.827281%,3.454384%
330,15322,31.621622%,55.878378%,12.500000%
331,15323,24.532925%,66.401225%,9.065850%
332,15324,21.212121%,67.832168%,10.955711%
333,15329,24.487805%,65.268293%,10.243902%
334,15330,39.282342%,54.414542%,6.303116%
335,15331,17.813765%,66.801619%,15.384615%
336,15332,34.435828%,60.310176%,5.253996%
337,15333,25.292740%,64.871194%,9.836066%
338,15340,42.266949%,52.754237%,4.978814%
339,15342,34.020045%,57.795100%,8.184855%
340,15345,22.867854%,65.135895%,11.996251%
341,15347,3.070175%,87.719298%,9.210526%
342,15348,37.448560%,56.790123%,5.761317%
343,15350,9.034268%,77.258567%,13.707165%
344,15358,39.337474%,55.693582%,4.968944%
345,15360,33.543804%,60.694554%,5.761642%
346,15361,0.000000%,59.574468%,40.425532%
347,15363,33.333333%,58.279570%,8.387097%
348,15366,11.180124%,77.018634%,11.801242%
349,15367,73.990874%,25.307125%,0.702001%
350,15368,25.000000%,56.521739%,18.478261%
351,15370,24.469496%,62.428950%,13.101554%
352,15376,30.747922%,59.833795%,9.418283%
353,15377,16.914498%,66.171004%,16.914498%
354,15378,0.000000%,100.000000%,0.000000%
355,15379,26.881720%,67.741935%,5.376344%
356,15412,36.792453%,56.289308%,6.918239%
357,15417,28.617886%,62.552846%,8.829268%
358,15419,42.663996%,51.477216%,5.858788%
359,15423,34.939759%,54.698795%,10.361446%
360,15427,27.688787%,62.585812%,9.725400%
361,15429,26.845638%,40.939597%,32.214765%
362,15432,24.550898%,62.874251%,12.574850%
363,15434,11.344538%,68.487395%,20.168067%
364,15477,33.770492%,60.983607%,5.245902%
365,15483,36.363636%,49.696970%,13.939394%
366,19038,58.363498%,36.835588%,4.800914%
367,19102,85.941917%,12.207659%,1.850424%
368,19103,82.903274%,14.224637%,2.872089%
369,19104,39.819704%,42.481219%,17.699077%
370,19106,79.260604%,17.663355%,3.076041%
371,19107,70.948132%,18.531229%,10.520639%
372,19109,Not applicable,Not applicable,Not applicable
373,19111,28.237963%,54.222387%,17.539650%
374,19112,Not applicable,Not applicable,Not applicable
375,19114,30.242148%,60.734339%,9.023513%
376,19115,39.119451%,49.151931%,11.728618%
377,19116,33.352197%,56.178504%,10.469299%
378,19118,71.511315%,23.383621%,5.105065%
379,19119,52.685181%,39.459663%,7.855156%
380,19120,19.800846%,51.410673%,28.788481%
381,19121,17.029554%,58.601870%,24.368577%
382,19122,25.748398%,50.706698%,23.544904%
383,19123,54.851503%,32.951441%,12.197056%
384,19124,14.542649%,58.041587%,27.415764%
385,19125,40.219378%,41.439940%,18.340682%
386,19126,29.712522%,50.434112%,19.853367%
387,19127,58.417762%,35.568010%,6.014227%
388,19128,51.253542%,42.570209%,6.176249%
389,19129,50.373575%,41.237384%,8.389042%
390,19130,69.242475%,23.943126%,6.814399%
391,19131,28.746561%,58.046878%,13.206561%
392,19132,11.874342%,67.376471%,20.749187%
393,19133,7.671163%,49.542927%,42.785911%
394,19134,14.144524%,53.904731%,31.950745%
395,19135,19.818017%,63.065123%,17.116860%
396,19136,20.756221%,64.513828%,14.729951%
397,19137,21.748764%,61.121527%,17.129709%
398,19138,19.894103%,65.556410%,14.549486%
399,19139,20.394085%,63.471911%,16.134004%
400,19140,11.977180%,56.722541%,31.300279%
401,19141,21.335896%,59.855839%,18.808265%
402,19142,16.904932%,61.764355%,21.330712%
403,19143,27.124691%,55.811454%,17.063855%
404,19144,31.488495%,50.746749%,17.764756%
405,19145,27.569062%,54.332029%,18.098909%
406,19146,53.044621%,35.043342%,11.912036%
407,19147,60.579283%,28.882343%,10.538373%
408,19148,25.743766%,48.748016%,25.508219%
409,19149,19.234979%,58.120282%,22.644739%
410,19150,33.540123%,57.349647%,9.110230%
411,19151,30.100182%,59.303279%,10.596539%
412,19152,32.370082%,50.761625%,16.868293%
413,19153,27.536885%,56.920824%,15.542291%
414,19154,27.667489%,60.830861%,11.501651%
415,15310,16.431925%,63.380282%,20.187793%
416,15315,19.813084%,65.607477%,14.579439%
417,15316,16.883117%,74.025974%,9.090909%
418,15320,34.493856%,53.978935%,11.527209%
419,15322,31.621622%,55.878378%,12.500000%
420,15325,8.783784%,59.459459%,31.756757%
421,15327,12.652705%,63.961606%,23.385689%
422,15329,24.487805%,65.268293%,10.243902%
423,15334,17.346939%,77.551020%,5.102041%
424,15337,16.876574%,75.062972%,8.060453%
425,15338,23.120915%,62.990196%,13.888889%
426,15341,23.025210%,61.680672%,15.294118%
427,15344,26.340546%,62.370649%,11.288805%
428,15345,22.867854%,65.135895%,11.996251%
429,15346,17.954545%,69.318182%,12.727273%
430,15349,17.765043%,72.349570%,9.885387%
431,15351,23.980815%,71.942446%,4.076739%
432,15352,12.583893%,68.288591%,19.127517%
433,15353,55.263158%,44.736842%,0.000000%
434,15357,25.422365%,56.717619%,17.860016%
435,15359,28.571429%,56.390977%,15.037594%
436,15362,19.343066%,71.897810%,8.759124%
437,15364,30.656934%,60.401460%,8.941606%
438,15370,24.469496%,62.428950%,13.101554%
439,15377,16.914498%,66.171004%,16.914498%
440,15380,11.212815%,72.540046%,16.247140%
441,16401,14.985591%,69.241114%,15.773295%
442,16403,30.006277%,57.878217%,12.115505%
443,16407,25.741664%,63.691258%,10.567078%
444,16410,22.852234%,70.962199%,6.185567%
445,16411,24.953618%,64.007421%,11.038961%
446,16412,47.856505%,46.501935%,5.641560%
447,16415,53.377764%,43.623145%,2.999091%
448,16417,33.370247%,59.191584%,7.438169%
449,16421,36.589147%,58.811370%,4.599483%
450,16423,26.226790%,63.129973%,10.643236%
451,16426,32.163743%,63.048246%,4.788012%
452,16427,17.218543%,76.821192%,5.960265%
453,16428,35.084883%,57.142857%,7.772260%
454,16435,19.198791%,65.079365%,15.721844%
455,16438,24.511386%,64.030841%,11.457773%
456,16441,30.964686%,62.159058%,6.876256%
457,16442,29.440628%,57.899902%,12.659470%
458,16443,25.843882%,61.286920%,12.869198%
459,16444,56.250000%,43.750000%,0.000000%
460,16501,18.757688%,47.601476%,33.640836%
461,16502,27.801062%,59.932942%,12.265996%
462,16503,13.493491%,59.191449%,27.315060%
463,16504,32.062341%,59.900020%,8.037640%
464,16505,46.479802%,45.704864%,7.815334%
465,16506,49.294355%,46.418406%,4.287239%
466,16507,23.600065%,60.996591%,15.403344%
467,16508,36.823612%,56.148981%,7.027407%
468,16509,43.842846%,51.759187%,4.397967%
469,16510,34.143941%,57.292571%,8.563488%
470,16511,36.235885%,57.314931%,6.449184%
471,16546,100.000000%,0.000000%,0.000000%
472,16563,82.608696%,17.391304%,0.000000%
473,15946,28.461538%,62.806653%,8.731809%
474,16601,25.842545%,64.770378%,9.387076%
475,16602,27.312441%,62.003799%,10.683761%
476,16613,24.854369%,68.640777%,6.504854%
477,16617,22.070415%,70.415134%,7.514451%
478,16625,15.761887%,68.925496%,15.312617%
479,16631,19.047619%,52.380952%,28.571429%
480,16635,29.877155%,61.861828%,8.261017%
481,16636,28.966790%,66.051661%,4.981550%
482,16637,12.880143%,76.744186%,10.375671%
483,16641,24.620573%,69.421023%,5.958404%
484,16648,40.891899%,52.616765%,6.491336%
485,16655,15.273038%,72.269625%,12.457338%
486,16662,23.702830%,64.669811%,11.627358%
487,16665,32.158590%,55.947137%,11.894273%
488,16673,25.317139%,66.099865%,8.582996%
489,16682,0.000000%,100.000000%,0.000000%
490,16686,28.010695%,64.053476%,7.935829%
491,16693,22.029950%,65.923461%,12.046589%
492,17021,9.077599%,73.206442%,17.715959%
493,17035,9.465649%,67.633588%,22.900763%
494,17045,24.376731%,58.448753%,17.174515%
495,17049,17.515769%,59.146046%,23.338185%
496,17056,23.404255%,51.063830%,25.531915%
497,17058,22.113821%,56.585366%,21.300813%
498,17059,24.364548%,61.371237%,14.264214%
499,17062,27.103473%,61.689939%,11.206588%
500,17076,0.000000%,100.000000%,0.000000%
501,17082,19.495798%,66.554622%,13.949580%
502,17086,15.921963%,67.400881%,16.677155%
503,17094,20.897916%,58.150722%,20.951363%
504,17243,14.380952%,72.380952%,13.238095%
505,17853,12.358491%,55.471698%,32.169811%
506,17006,15.711948%,67.103110%,17.184943%
507,17020,24.063615%,67.003567%,8.932818%
508,17021,9.077599%,73.206442%,17.715959%
509,17024,27.058824%,55.764706%,17.176471%
510,17035,9.465649%,67.633588%,22.900763%
511,17037,26.324238%,54.253612%,19.422151%
512,17040,24.861878%,61.264579%,13.873542%
513,17045,24.376731%,58.448753%,17.174515%
514,17047,17.118227%,65.701970%,17.179803%
515,17053,28.976506%,62.570888%,8.452606%
516,17062,27.103473%,61.689939%,11.206588%
517,17068,25.974441%,61.341853%,12.683706%
518,17069,11.764706%,45.588235%,42.647059%
519,17071,16.981132%,43.396226%,39.622642%
520,17074,24.879615%,65.670144%,9.450241%
521,17090,22.785788%,62.667353%,14.546859%
522,17011,46.275276%,44.715478%,9.009246%
523,17019,37.788513%,54.205966%,8.005521%
524,17055,47.560747%,46.775829%,5.663424%
525,17070,41.691215%,50.693121%,7.615665%
526,17301,20.332226%,61.960133%,17.707641%
527,17302,23.983531%,63.458569%,12.557900%
528,17309,22.296844%,62.122230%,15.580927%
529,17311,27.127660%,53.723404%,19.148936%
530,17313,27.770733%,60.512300%,11.716967%
531,17314,18.096415%,62.941904%,18.961681%
532,17315,29.094537%,59.181362%,11.724101%
533,17316,28.273909%,62.645785%,9.080307%
534,17317,33.013436%,52.783109%,14.203455%
535,17318,22.222222%,62.500000%,15.277778%
536,17319,39.304671%,55.838641%,4.856688%
537,17321,25.074985%,61.547690%,13.377325%
538,17322,17.557593%,72.243346%,10.199061%
539,17327,25.136811%,62.258300%,12.604889%
540,17329,23.840698%,69.776323%,6.382979%
541,17331,28.095133%,59.819899%,12.084968%
542,17339,39.460000%,53.360000%,7.180000%
543,17345,20.615866%,66.440501%,12.943633%
544,17347,35.241035%,54.452624%,10.306341%
545,17349,44.794039%,49.037466%,6.168495%
546,17352,21.033654%,60.336538%,18.629808%
547,17355,22.222222%,65.432099%,12.345679%
548,17356,25.885915%,62.031239%,12.082846%
549,17360,39.995622%,49.956217%,10.048161%
550,17361,39.110912%,52.626852%,8.262236%
551,17362,28.498701%,62.202597%,9.298701%
552,17363,36.353896%,54.461962%,9.184142%
553,17364,22.892983%,58.957272%,18.149745%
554,17365,15.548282%,68.521549%,15.930169%
555,17366,20.790021%,62.707900%,16.502079%
556,17368,22.906359%,62.012095%,15.081547%
557,17370,24.151397%,66.326224%,9.522379%
558,17371,27.935223%,55.465587%,16.599190%
559,17372,25.050234%,57.367716%,17.582050%
560,17401,19.380929%,57.174239%,23.444833%
561,17402,38.492301%,51.352968%,10.154732%
562,17403,36.009431%,50.787244%,13.203325%
563,17404,34.569847%,54.020443%,11.409710%
564,17406,32.360611%,55.854961%,11.784428%
565,17407,38.792030%,56.164384%,5.043587%
566,17408,33.022031%,58.093870%,8.884100%
567,17021,9.077599%,73.206442%,17.715959%
568,17201,28.166743%,55.348918%,16.484339%
569,17202,30.839066%,59.347653%,9.813281%
570,17210,27.678571%,67.857143%,4.464286%
571,17214,21.337127%,74.537696%,4.125178%
572,17217,15.853659%,69.512195%,14.634146%
573,17219,13.503650%,47.080292%,39.416058%
574,17220,15.625000%,54.296875%,30.078125%
575,17221,18.508287%,67.955801%,13.535912%
576,17222,36.992989%,50.888833%,12.118177%
577,17224,12.027027%,74.797297%,13.175676%
578,17225,27.472366%,62.232867%,10.294768%
579,17235,42.049470%,42.756184%,15.194346%
580,17236,22.606889%,57.382725%,20.010386%
581,17237,20.777989%,68.311195%,10.910816%
582,17240,20.191055%,57.881025%,21.927920%
583,17244,19.661610%,66.336056%,14.002334%
584,17246,8.411215%,91.588785%,0.000000%
585,17247,33.568075%,32.394366%,34.037559%
586,17250,0.000000%,100.000000%,0.000000%
587,17251,25.217391%,66.956522%,7.826087%
588,17252,22.516804%,57.057506%,20.425691%
589,17254,33.333333%,0.000000%,66.666667%
590,17256,42.666667%,24.000000%,33.333333%
591,17257,26.961432%,55.863270%,17.175297%
592,17261,7.361963%,53.987730%,38.650307%
593,17262,28.989899%,50.909091%,20.101010%
594,17263,25.000000%,44.166667%,30.833333%
595,17265,10.617284%,72.098765%,17.283951%
596,17268,27.722439%,59.511092%,12.766469%
597,17270,51.020408%,48.979592%,0.000000%
598,17271,12.068966%,56.896552%,31.034483%
599,17272,42.662116%,28.327645%,29.010239%
600,17527,18.571816%,53.923432%,27.504752%
601,19073,64.523810%,32.521008%,2.955182%
602,19087,79.087180%,18.370851%,2.541969%
603,19301,69.407895%,27.878289%,2.713816%
604,19310,26.183996%,53.402286%,20.413718%
605,19311,41.518501%,35.239468%,23.242031%
606,19312,84.573140%,13.667000%,1.759860%
607,19316,29.090909%,40.000000%,30.909091%
608,19317,72.272861%,26.595119%,1.132020%
609,19319,14.000000%,86.000000%,0.000000%
610,19320,36.050715%,53.166880%,10.782406%
611,19330,35.877262%,55.179649%,8.943089%
612,19333,76.449352%,21.193459%,2.357188%
613,19335,61.957640%,33.921331%,4.121029%
614,19341,67.276036%,30.176193%,2.547771%
615,19342,62.245049%,35.486255%,2.268696%
616,19343,61.744966%,35.146591%,3.108442%
617,19344,31.932021%,53.296703%,14.771275%
618,19345,56.126482%,33.201581%,10.671937%
619,19348,54.557547%,29.828340%,15.614113%
620,19350,62.440686%,32.035527%,5.523786%
621,19352,48.833510%,42.435490%,8.731000%
622,19355,70.470418%,26.176046%,3.353535%
623,19358,18.703242%,48.877805%,32.418953%
624,19362,25.473411%,59.403372%,15.123217%
625,19363,33.961744%,49.871253%,16.167004%
626,19365,27.823344%,60.483701%,11.692955%
627,19367,100.000000%,0.000000%,0.000000%
628,19372,49.110923%,49.195597%,1.693480%
629,19373,41.903367%,42.723280%,15.373353%
630,19374,4.561404%,43.333333%,52.105263%
631,19375,56.862745%,43.137255%,0.000000%
632,19380,62.281439%,33.086752%,4.631809%
633,19382,64.699272%,31.306009%,3.994719%
634,19383,100.000000%,0.000000%,0.000000%
635,19390,46.267986%,40.197842%,13.534173%
636,19425,79.977445%,18.248924%,1.773631%
637,19442,Not applicable,Not applicable,Not applicable
638,19457,53.086420%,46.913580%,0.000000%
639,19460,59.049010%,36.133431%,4.817559%
640,19465,47.407468%,48.033963%,4.558569%
641,19475,42.054040%,48.981944%,8.964016%
642,19520,41.515651%,49.823488%,8.660861%
643,19543,42.817818%,48.298298%,8.883884%
644,15721,10.365854%,78.048780%,11.585366%
645,15724,14.539007%,68.262411%,17.198582%
646,15742,14.985163%,66.023739%,18.991098%
647,15753,12.997347%,70.822281%,16.180371%
648,15757,17.071057%,70.277296%,12.651646%
649,15767,24.822134%,61.403162%,13.774704%
650,15801,30.788106%,62.074192%,7.137702%
651,15824,28.268156%,62.988827%,8.743017%
652,15840,23.702186%,70.423497%,5.874317%
653,15848,20.169252%,57.827927%,22.002821%
654,15849,14.898990%,73.484848%,11.616162%
655,15856,26.300985%,69.057665%,4.641350%
656,15866,30.281690%,56.338028%,13.380282%
657,16616,17.567568%,67.567568%,14.864865%
658,16620,22.317597%,66.094421%,11.587983%
659,16627,21.818182%,68.727273%,9.454545%
660,16639,16.991643%,73.630455%,9.377902%
661,16645,21.212121%,61.363636%,17.424242%
662,16646,27.272727%,64.696040%,8.031233%
663,16651,15.357380%,66.430626%,18.211994%
664,16656,15.409483%,70.474138%,14.116379%
665,16661,16.225166%,69.370861%,14.403974%
666,16666,17.622572%,67.946346%,14.431082%
667,16671,27.925532%,57.978723%,14.095745%
668,16680,18.644068%,73.163842%,8.192090%
669,16692,14.176245%,69.540230%,16.283525%
670,16821,9.322034%,90.677966%,0.000000%
671,16825,24.000000%,60.000000%,16.000000%
672,16830,27.143429%,59.845753%,13.010817%
673,16833,24.288190%,64.917059%,10.794751%
674,16834,13.385827%,63.779528%,22.834646%
675,16836,15.384615%,74.009324%,10.606061%
676,16837,5.982906%,94.017094%,0.000000%
677,16838,23.168909%,67.040359%,9.790732%
678,16839,10.606061%,63.383838%,26.010101%
679,16840,26.801153%,55.619597%,17.579251%
680,16843,1.780415%,55.786350%,42.433234%
681,16845,13.229018%,70.554765%,16.216216%
682,16847,4.115226%,70.370370%,25.514403%
683,16849,48.070175%,48.421053%,3.508772%
684,16855,14.800000%,64.400000%,20.800000%
685,16858,16.838488%,65.292096%,17.869416%
686,16860,47.577093%,52.422907%,0.000000%
687,16861,18.000000%,62.500000%,19.500000%
688,16863,18.685832%,74.743326%,6.570842%
689,16866,18.656435%,66.033463%,15.310102%
690,16871,11.538462%,57.692308%,30.769231%
691,16876,12.053571%,71.875000%,16.071429%
692,16878,19.339985%,63.161934%,17.498081%
693,16879,12.334802%,74.889868%,12.775330%
694,16881,20.506165%,68.332252%,11.161583%
695,15714,25.211745%,63.975155%,10.813100%
696,15722,24.836212%,66.527695%,8.636093%
697,15724,14.539007%,68.262411%,17.198582%
698,15737,15.853659%,64.634146%,19.512195%
699,15738,11.258278%,82.781457%,5.960265%
700,15760,11.538462%,73.076923%,15.384615%
701,15762,40.340909%,52.840909%,6.818182%
702,15773,24.011299%,63.276836%,12.711864%
703,15775,31.861804%,59.309021%,8.829175%
704,15901,17.350487%,60.535466%,22.114047%
705,15902,22.100603%,66.707662%,11.191735%
706,15904,38.122838%,54.875199%,7.001963%
707,15905,43.124837%,52.957691%,3.917472%
708,15906,18.881471%,66.620481%,14.498048%
709,15909,25.871560%,63.722149%,10.406291%
710,15921,8.163265%,68.367347%,23.469388%
711,15922,20.714286%,65.714286%,13.571429%
712,15925,25.000000%,66.346154%,8.653846%
713,15927,24.110032%,51.779935%,24.110032%
714,15930,0.000000%,89.922481%,10.077519%
715,15931,39.823009%,51.087446%,9.089546%
716,15934,40.414508%,59.585492%,0.000000%
717,15938,25.766871%,67.763525%,6.469604%
718,15940,28.755020%,61.807229%,9.437751%
719,15942,28.657435%,62.733293%,8.609272%
720,15943,22.666154%,64.963504%,12.370342%
721,15945,26.890756%,63.025210%,10.084034%
722,15946,28.461538%,62.806653%,8.731809%
723,15948,22.975518%,53.672316%,23.352166%
724,15951,22.556391%,53.947368%,23.496241%
725,15952,25.984252%,68.799213%,5.216535%
726,15955,27.386798%,62.684124%,9.929078%
727,15956,22.793688%,65.341905%,11.864407%
728,15957,28.600823%,56.378601%,15.020576%
729,15958,30.567082%,61.687414%,7.745505%
730,15960,20.506912%,72.119816%,7.373272%
731,15961,23.471074%,61.487603%,15.041322%
732,15962,20.338983%,73.728814%,5.932203%
733,15963,29.920477%,57.952286%,12.127237%
734,16613,24.854369%,68.640777%,6.504854%
735,16619,7.537688%,84.924623%,7.537688%
736,16624,24.087591%,70.072993%,5.839416%
737,16627,21.818182%,68.727273%,9.454545%
738,16630,32.681756%,58.573388%,8.744856%
739,16636,28.966790%,66.051661%,4.981550%
740,16639,16.991643%,73.630455%,9.377902%
741,16640,27.464789%,64.436620%,8.098592%
742,16641,24.620573%,69.421023%,5.958404%
743,16646,27.272727%,64.696040%,8.031233%
744,16668,26.631259%,62.974203%,10.394537%
745,16699,14.062500%,58.664773%,27.272727%
746,15821,18.320611%,58.015267%,23.664122%
747,15823,29.189687%,63.443831%,7.366483%
748,15827,22.463768%,69.565217%,7.971014%
749,15832,18.750000%,64.453125%,16.796875%
750,15841,25.714286%,65.142857%,9.142857%
751,15845,22.567923%,65.293602%,12.138475%
752,15846,34.224382%,57.027136%,8.748481%
753,15853,29.131653%,64.037923%,6.830424%
754,15857,30.651901%,61.794818%,7.553280%
755,15860,23.349057%,66.155660%,10.495283%
756,15868,31.508165%,58.309318%,10.182517%
757,15870,24.387646%,67.731629%,7.880724%
758,16728,0.000000%,65.517241%,34.482759%
759,16734,30.481283%,58.288770%,11.229947%
760,16735,26.720742%,64.519119%,8.760139%
761,18036,47.539901%,45.514584%,6.945515%
762,18041,37.413148%,56.360235%,6.226617%
763,18054,34.454605%,60.254735%,5.290660%
764,18055,36.827743%,55.179079%,7.993178%
765,18073,40.150932%,52.333282%,7.515786%
766,18077,48.870392%,47.919144%,3.210464%
767,18081,11.602210%,61.325967%,27.071823%
768,18901,57.320732%,38.383838%,4.295430%
769,18902,68.070301%,29.490674%,2.439024%
770,18912,54.736842%,45.263158%,0.000000%
771,18913,27.710843%,72.289157%,0.000000%
772,18914,58.438745%,37.598714%,3.962541%
773,18917,37.252221%,49.213944%,13.533835%
774,18920,48.076923%,51.923077%,0.000000%
775,18923,56.852792%,34.856176%,8.291032%
776,18925,61.852093%,34.591195%,3.556712%
777,18929,59.509820%,38.173577%,2.316602%
778,18930,40.231548%,49.927641%,9.840810%
779,18932,49.189189%,36.486486%,14.324324%
780,18935,Not applicable,Not applicable,Not applicable
781,18938,63.961791%,33.626013%,2.412196%
782,18940,69.302738%,28.461690%,2.235572%
783,18942,37.919463%,56.753356%,5.327181%
784,18944,46.224496%,47.997442%,5.778062%
785,18947,52.844788%,42.944925%,4.210287%
786,18950,57.792208%,42.207792%,0.000000%
787,18951,35.550374%,53.843007%,10.606618%
788,18954,57.785055%,38.597797%,3.617148%
789,18955,41.606368%,53.183792%,5.209841%
790,18960,37.289228%,56.137901%,6.572871%
791,18962,38.578680%,59.390863%,2.030457%
792,18964,39.821540%,50.498029%,9.680432%
793,18966,52.092050%,43.611775%,4.296175%
794,18969,36.944856%,53.728719%,9.326425%
795,18970,32.685512%,59.893993%,7.420495%
796,18972,39.589136%,51.636490%,8.774373%
797,18974,40.975176%,50.403851%,8.620974%
798,18976,50.587561%,43.114073%,6.298366%
799,18977,74.176373%,25.823627%,0.000000%
800,18980,58.250000%,40.250000%,1.500000%
801,19006,58.242463%,35.914047%,5.843489%
802,19007,18.912861%,67.441860%,13.645279%
803,19020,37.456362%,54.391866%,8.151772%
804,19021,16.739895%,69.376098%,13.884007%
805,19030,28.981299%,63.863399%,7.155303%
806,19040,42.017156%,52.172108%,5.810736%
807,19047,50.666132%,43.631621%,5.702247%
808,19053,40.917892%,51.127741%,7.954367%
809,19054,26.483899%,66.475196%,7.040905%
810,19055,22.627110%,68.279050%,9.093841%
811,19056,37.211493%,56.043335%,6.745172%
812,19057,23.423777%,67.707026%,8.869197%
813,19067,62.851037%,33.206389%,3.942574%
814,19440,47.085610%,44.064967%,8.849423%
815,17701,30.581113%,58.124979%,11.293908%
816,17731,62.121212%,37.878788%,0.000000%
817,17737,29.763561%,60.083449%,10.152990%
818,17758,18.672840%,70.524691%,10.802469%
819,17768,17.916667%,64.166667%,17.916667%
820,17774,19.721116%,65.737052%,14.541833%
821,17814,24.644412%,65.428157%,9.927431%
822,18614,20.835482%,69.881382%,9.283136%
823,18616,23.149905%,65.654649%,11.195446%
824,18619,22.330097%,66.504854%,11.165049%
825,18626,28.389831%,59.957627%,11.652542%
826,18628,27.835052%,62.371134%,9.793814%
827,18632,17.464789%,70.985915%,11.549296%
828,18833,16.561404%,73.614035%,9.824561%
829,15618,21.685393%,67.584270%,10.730337%
830,15681,27.089255%,64.667425%,8.243320%
831,15701,43.944673%,48.094223%,7.961104%
832,15710,13.684211%,75.789474%,10.526316%
833,15712,3.703704%,73.148148%,23.148148%
834,15713,11.965812%,88.034188%,0.000000%
835,15714,25.211745%,63.975155%,10.813100%
836,15716,5.851979%,81.067126%,13.080895%
837,15717,26.391097%,64.745628%,8.863275%
838,15723,50.000000%,50.000000%,0.000000%
839,15724,14.539007%,68.262411%,17.198582%
840,15725,23.257840%,67.247387%,9.494774%
841,15727,42.477876%,39.823009%,17.699115%
842,15728,21.787026%,68.421053%,9.791922%
843,15729,17.635066%,64.831804%,17.533129%
844,15731,43.571429%,38.333333%,18.095238%
845,15732,19.552110%,68.475452%,11.972438%
846,15734,17.622951%,76.639344%,5.737705%
847,15739,23.484848%,70.454545%,6.060606%
848,15741,21.052632%,71.052632%,7.894737%
849,15742,14.985163%,66.023739%,18.991098%
850,15745,40.000000%,60.000000%,0.000000%
851,15746,17.000000%,22.000000%,61.000000%
852,15747,20.978030%,68.887314%,10.134656%
853,15748,28.121807%,60.433272%,11.444921%
854,15750,10.434783%,83.478261%,6.086957%
855,15752,70.000000%,30.000000%,0.000000%
856,15754,6.935123%,82.774049%,10.290828%
857,15756,11.290323%,77.419355%,11.290323%
858,15757,17.071057%,70.277296%,12.651646%
859,15759,23.816221%,63.994374%,12.189405%
860,15761,0.000000%,83.333333%,16.666667%
861,15765,27.979651%,59.883721%,12.136628%
862,15767,24.822134%,61.403162%,13.774704%
863,15771,26.382306%,63.033175%,10.584518%
864,15772,14.058355%,67.020336%,18.921309%
865,15774,32.579787%,59.219858%,8.200355%
866,15777,16.455696%,83.544304%,0.000000%
867,15783,38.181818%,54.545455%,7.272727%
868,15920,34.668990%,56.097561%,9.233449%
869,15929,11.475410%,22.950820%,65.573770%
870,15944,24.221022%,64.312422%,11.466556%
871,15949,8.638743%,80.104712%,11.256545%
872,15954,22.517846%,64.373783%,13.108371%
873,15957,28.600823%,56.378601%,15.020576%
874,15961,23.471074%,61.487603%,15.041322%
875,16211,16.513761%,75.229358%,8.256881%
876,16222,20.432099%,63.024691%,16.543210%
877,16246,18.128655%,64.912281%,16.959064%
878,16256,12.242687%,33.152763%,54.604550%
879,16901,35.242291%,56.641303%,8.116406%
880,16911,21.828909%,53.982301%,24.188791%
881,16912,28.394040%,60.430464%,11.175497%
882,16914,27.327528%,63.228399%,9.444072%
883,16917,28.679654%,61.363636%,9.956710%
884,16920,19.053964%,68.554297%,12.391739%
885,16921,17.156863%,71.568627%,11.274510%
886,16928,21.443299%,67.422680%,11.134021%
887,16929,29.284904%,60.215664%,10.499432%
888,16930,32.700893%,60.267857%,7.031250%
889,16932,27.178423%,64.730290%,8.091286%
890,16933,37.724950%,55.832037%,6.443013%
891,16935,28.077754%,58.639309%,13.282937%
892,16936,19.709544%,67.081604%,13.208852%
893,16938,23.308271%,62.218045%,14.473684%
894,16939,17.647059%,67.379679%,14.973262%
895,16940,26.344086%,52.688172%,20.967742%
896,16942,19.861831%,68.048359%,12.089810%
897,16943,11.666667%,65.555556%,22.777778%
898,16946,21.849234%,60.895171%,17.255595%
899,16947,25.975414%,61.170497%,12.854089%
900,16950,17.916186%,63.091119%,18.992695%
901,17724,20.416922%,66.217045%,13.366033%
902,17727,36.619718%,52.112676%,11.267606%
903,17765,21.733506%,63.777490%,14.489004%
904,15828,30.508475%,59.745763%,9.745763%
905,16217,34.246575%,60.273973%,5.479452%
906,16239,7.843137%,69.520697%,22.636166%
907,16321,10.000000%,82.000000%,8.000000%
908,16322,4.878049%,95.121951%,0.000000%
909,16341,26.214286%,65.428571%,8.357143%
910,16347,23.715651%,68.817204%,7.467145%
911,16351,19.408181%,72.410792%,8.181027%
912,16353,22.583779%,60.903351%,16.512870%
913,16370,15.217391%,75.362319%,9.420290%
914,17810,14.828897%,69.781869%,15.389234%
915,17829,14.012739%,68.152866%,17.834395%
916,17835,14.077670%,73.300971%,12.621359%
917,17837,41.763590%,42.868927%,15.367483%
918,17844,25.680272%,57.681406%,16.638322%
919,17845,15.373864%,65.688330%,18.937806%
920,17855,30.362117%,63.231198%,6.406685%
921,17856,17.007940%,74.091099%,8.900961%
922,17870,33.219796%,53.346023%,13.434182%
923,17880,15.000000%,41.250000%,43.750000%
924,17885,13.333333%,86.666667%,0.000000%
925,17886,28.478544%,60.208062%,11.313394%
926,17887,0.000000%,75.206612%,24.793388%
927,17889,35.360000%,51.093333%,13.546667%
928,17003,30.038023%,58.948941%,11.013036%
929,17010,0.000000%,48.529412%,51.470588%
930,17016,19.434194%,76.506765%,4.059041%
931,17026,21.986651%,63.643502%,14.369847%
932,17028,28.866366%,59.234234%,11.899399%
933,17033,56.524957%,36.962421%,6.512622%
934,17038,23.011557%,67.590075%,9.398368%
935,17039,12.000000%,34.666667%,53.333333%
936,17041,41.111111%,58.888889%,0.000000%
937,17042,31.094604%,57.178046%,11.727350%
938,17046,17.543266%,61.882433%,20.574301%
939,17064,63.826367%,31.350482%,4.823151%
