,County,Higher Degree,H.S. Diploma,No H.S. Diploma
0,16822,21.384510%,63.879369%,14.736121%
1,16841,22.767965%,63.876119%,13.355916%
2,16848,16.785714%,78.214286%,5.000000%
3,16871,11.538462%,57.692308%,30.769231%
4,16872,17.997465%,57.541191%,24.461343%
5,17721,24.434389%,67.330317%,8.235294%
6,17729,10.416667%,85.416667%,4.166667%
7,17740,28.278593%,60.179362%,11.542045%
8,17745,28.963334%,59.210411%,11.826255%
9,17747,26.522911%,52.506739%,20.970350%
10,17748,17.889908%,64.678899%,17.431193%
11,17750,27.868852%,72.131148%,0.000000%
12,17751,28.913738%,59.325080%,11.761182%
13,17760,22.131148%,68.032787%,9.836066%
14,17764,17.095588%,67.095588%,15.808824%
15,17767,0.000000%,90.076336%,9.923664%
16,17778,11.842105%,68.421053%,19.736842%
17,17779,100.000000%,0.000000%,0.000000%
18,18036,47.539901%,45.514584%,6.945515%
19,18041,37.413148%,56.360235%,6.226617%
20,18054,34.454605%,60.254735%,5.290660%
21,18055,36.827743%,55.179079%,7.993178%
22,18073,40.150932%,52.333282%,7.515786%
23,18077,48.870392%,47.919144%,3.210464%
24,18081,11.602210%,61.325967%,27.071823%
25,18901,57.320732%,38.383838%,4.295430%
26,18902,68.070301%,29.490674%,2.439024%
27,18912,54.736842%,45.263158%,0.000000%
28,18913,27.710843%,72.289157%,0.000000%
29,18914,58.438745%,37.598714%,3.962541%
30,18917,37.252221%,49.213944%,13.533835%
31,18920,48.076923%,51.923077%,0.000000%
32,18923,56.852792%,34.856176%,8.291032%
33,18925,61.852093%,34.591195%,3.556712%
34,18929,59.509820%,38.173577%,2.316602%
35,18930,40.231548%,49.927641%,9.840810%
36,18932,49.189189%,36.486486%,14.324324%
37,18935,Not applicable,Not applicable,Not applicable
38,18938,63.961791%,33.626013%,2.412196%
39,18940,69.302738%,28.461690%,2.235572%
40,18942,37.919463%,56.753356%,5.327181%
41,18944,46.224496%,47.997442%,5.778062%
42,18947,52.844788%,42.944925%,4.210287%
43,18950,57.792208%,42.207792%,0.000000%
44,18951,35.550374%,53.843007%,10.606618%
45,18954,57.785055%,38.597797%,3.617148%
46,18955,41.606368%,53.183792%,5.209841%
47,18960,37.289228%,56.137901%,6.572871%
48,18962,38.578680%,59.390863%,2.030457%
49,18964,39.821540%,50.498029%,9.680432%
50,18966,52.092050%,43.611775%,4.296175%
51,18969,36.944856%,53.728719%,9.326425%
52,18970,32.685512%,59.893993%,7.420495%
53,18972,39.589136%,51.636490%,8.774373%
54,18974,40.975176%,50.403851%,8.620974%
55,18976,50.587561%,43.114073%,6.298366%
56,18977,74.176373%,25.823627%,0.000000%
57,18980,58.250000%,40.250000%,1.500000%
58,19006,58.242463%,35.914047%,5.843489%
59,19007,18.912861%,67.441860%,13.645279%
60,19020,37.456362%,54.391866%,8.151772%
61,19021,16.739895%,69.376098%,13.884007%
62,19030,28.981299%,63.863399%,7.155303%
63,19040,42.017156%,52.172108%,5.810736%
64,19047,50.666132%,43.631621%,5.702247%
65,19053,40.917892%,51.127741%,7.954367%
66,19054,26.483899%,66.475196%,7.040905%
67,19055,22.627110%,68.279050%,9.093841%
68,19056,37.211493%,56.043335%,6.745172%
69,19057,23.423777%,67.707026%,8.869197%
70,19067,62.851037%,33.206389%,3.942574%
71,19440,47.085610%,44.064967%,8.849423%
72,17005,26.171875%,62.109375%,11.718750%
73,17017,24.361158%,66.269165%,9.369676%
74,17018,34.029670%,60.339086%,5.631244%
75,17020,24.063615%,67.003567%,8.932818%
76,17022,37.632156%,53.475962%,8.891881%
77,17023,23.133716%,63.084495%,13.781788%
78,17028,28.866366%,59.234234%,11.899399%
79,17030,17.507886%,63.564669%,18.927445%
80,17032,26.078235%,62.637914%,11.283852%
81,17033,56.524957%,36.962421%,6.512622%
82,17034,24.335499%,62.728884%,12.935617%
83,17036,55.762034%,40.166473%,4.071493%
84,17048,15.884194%,61.032864%,23.082942%
85,17057,27.906514%,58.681362%,13.412124%
86,17061,22.728131%,57.698848%,19.573021%
87,17078,40.896267%,52.253789%,6.849944%
88,17080,20.571429%,60.571429%,18.857143%
89,17097,18.374558%,62.544170%,19.081272%
90,17098,16.228838%,71.745476%,12.025686%
91,17101,29.944444%,48.444444%,21.611111%
92,17102,39.229422%,48.406305%,12.364273%
93,17103,21.889305%,61.548065%,16.562630%
94,17104,19.416033%,54.506513%,26.077454%
95,17109,37.414073%,53.630796%,8.955131%
96,17110,42.405882%,47.029412%,10.564706%
97,17111,42.113619%,48.850082%,9.036300%
98,17112,47.312547%,46.809264%,5.878190%
99,17113,23.574034%,64.215901%,12.210066%
100,17120,Not applicable,Not applicable,Not applicable
101,17980,20.765027%,66.985428%,12.249545%
102,15310,16.431925%,63.380282%,20.187793%
103,15315,19.813084%,65.607477%,14.579439%
104,15316,16.883117%,74.025974%,9.090909%
105,15320,34.493856%,53.978935%,11.527209%
106,15322,31.621622%,55.878378%,12.500000%
107,15325,8.783784%,59.459459%,31.756757%
108,15327,12.652705%,63.961606%,23.385689%
109,15329,24.487805%,65.268293%,10.243902%
110,15334,17.346939%,77.551020%,5.102041%
111,15337,16.876574%,75.062972%,8.060453%
112,15338,23.120915%,62.990196%,13.888889%
113,15341,23.025210%,61.680672%,15.294118%
114,15344,26.340546%,62.370649%,11.288805%
115,15345,22.867854%,65.135895%,11.996251%
116,15346,17.954545%,69.318182%,12.727273%
117,15349,17.765043%,72.349570%,9.885387%
118,15351,23.980815%,71.942446%,4.076739%
119,15352,12.583893%,68.288591%,19.127517%
120,15353,55.263158%,44.736842%,0.000000%
121,15357,25.422365%,56.717619%,17.860016%
122,15359,28.571429%,56.390977%,15.037594%
123,15362,19.343066%,71.897810%,8.759124%
124,15364,30.656934%,60.401460%,8.941606%
125,15370,24.469496%,62.428950%,13.101554%
126,15377,16.914498%,66.171004%,16.914498%
127,15380,11.212815%,72.540046%,16.247140%
128,17901,26.056996%,63.413922%,10.529082%
129,17921,21.655218%,65.996075%,12.348708%
130,17922,31.575964%,56.377551%,12.046485%
131,17923,18.928571%,73.214286%,7.857143%
132,17925,24.550898%,60.479042%,14.970060%
133,17929,26.672172%,62.014864%,11.312964%
134,17930,24.277457%,68.786127%,6.936416%
135,17931,16.931672%,69.015900%,14.052428%
136,17933,100.000000%,0.000000%,0.000000%
137,17934,15.204678%,70.175439%,14.619883%
138,17935,18.190661%,67.898833%,13.910506%
139,17936,29.690346%,63.387978%,6.921676%
140,17938,29.002320%,60.498840%,10.498840%
141,17941,20.289855%,68.659420%,11.050725%
142,17943,29.670330%,54.945055%,15.384615%
143,17944,31.632653%,48.979592%,19.387755%
144,17945,5.042017%,81.512605%,13.445378%
145,17946,37.931034%,62.068966%,0.000000%
146,17948,20.048900%,61.613692%,18.337408%
147,17949,15.736041%,77.157360%,7.106599%
148,17951,9.467456%,72.189349%,18.343195%
149,17952,18.848168%,64.921466%,16.230366%
150,17953,18.537859%,69.973890%,11.488251%
151,17954,20.208605%,62.320730%,17.470665%
152,17957,13.168724%,72.427984%,14.403292%
153,17959,16.010979%,71.820677%,12.168344%
154,17960,30.744567%,62.023513%,7.231920%
155,17961,40.724609%,51.118590%,8.156801%
156,17963,22.879684%,63.859809%,13.260507%
157,17964,28.595318%,62.541806%,8.862876%
158,17965,23.630137%,64.931507%,11.438356%
159,17967,24.857291%,65.386611%,9.756098%
160,17968,23.857868%,55.329949%,20.812183%
161,17970,18.702118%,71.248310%,10.049572%
162,17972,32.411560%,57.698057%,9.890384%
163,17974,13.821138%,75.203252%,10.975610%
164,17976,15.808975%,66.055990%,18.135035%
165,17978,15.384615%,55.769231%,28.846154%
166,17979,44.936709%,46.202532%,8.860759%
167,17980,20.765027%,66.985428%,12.249545%
168,17981,11.613876%,67.320261%,21.065862%
169,17982,21.823204%,65.469613%,12.707182%
170,17983,23.888889%,63.703704%,12.407407%
171,17985,25.161987%,65.658747%,9.179266%
172,18201,18.482783%,57.788306%,23.728911%
173,18202,22.071792%,59.930443%,17.997764%
174,18211,26.528777%,69.694245%,3.776978%
175,18214,37.559322%,52.271186%,10.169492%
176,18218,18.696711%,68.453106%,12.850183%
177,18220,18.439716%,70.212766%,11.347518%
178,18231,18.000000%,70.285714%,11.714286%
179,18237,18.922470%,71.747700%,9.329829%
180,18240,24.783862%,66.246398%,8.969741%
181,18241,12.385321%,72.247706%,15.366972%
182,18242,23.741007%,69.784173%,6.474820%
183,18245,39.669421%,60.330579%,0.000000%
184,18248,12.765957%,78.959811%,8.274232%
185,18252,28.537798%,57.271776%,14.190426%
186,19549,10.937500%,69.270833%,19.791667%
187,15521,18.545752%,75.000000%,6.454248%
188,15522,25.407656%,62.888863%,11.703481%
189,15533,21.549156%,59.781529%,18.669315%
190,15534,17.397454%,68.316832%,14.285714%
191,15535,18.590998%,63.470320%,17.938682%
192,15537,17.985490%,68.179517%,13.834992%
193,15539,44.161359%,43.736730%,12.101911%
194,15545,18.441161%,67.142129%,14.416709%
195,15550,18.614719%,66.320346%,15.064935%
196,15554,24.532578%,66.742210%,8.725212%
197,15559,17.408377%,66.688482%,15.903141%
198,15946,28.461538%,62.806653%,8.731809%
199,16625,15.761887%,68.925496%,15.312617%
200,16633,19.841270%,73.015873%,7.142857%
201,16650,22.025496%,64.376771%,13.597734%
202,16655,15.273038%,72.269625%,12.457338%
203,16657,19.407559%,71.297242%,9.295199%
204,16659,16.981132%,71.698113%,11.320755%
205,16662,23.702830%,64.669811%,11.627358%
206,16664,22.375479%,58.850575%,18.773946%
207,16667,17.964694%,70.820353%,11.214953%
208,16670,21.951220%,78.048780%,0.000000%
209,16672,9.729730%,64.324324%,25.945946%
210,16673,25.317139%,66.099865%,8.582996%
211,16678,22.890295%,61.867089%,15.242616%
212,16679,7.754443%,76.736672%,15.508885%
213,16694,15.333333%,64.666667%,20.000000%
214,16695,26.271186%,62.146893%,11.581921%
215,17211,9.200000%,77.200000%,13.600000%
216,16901,35.242291%,56.641303%,8.116406%
217,16911,21.828909%,53.982301%,24.188791%
218,16912,28.394040%,60.430464%,11.175497%
219,16914,27.327528%,63.228399%,9.444072%
220,16917,28.679654%,61.363636%,9.956710%
221,16920,19.053964%,68.554297%,12.391739%
222,16921,17.156863%,71.568627%,11.274510%
223,16928,21.443299%,67.422680%,11.134021%
224,16929,29.284904%,60.215664%,10.499432%
225,16930,32.700893%,60.267857%,7.031250%
226,16932,27.178423%,64.730290%,8.091286%
227,16933,37.724950%,55.832037%,6.443013%
228,16935,28.077754%,58.639309%,13.282937%
229,16936,19.709544%,67.081604%,13.208852%
230,16938,23.308271%,62.218045%,14.473684%
231,16939,17.647059%,67.379679%,14.973262%
232,16940,26.344086%,52.688172%,20.967742%
233,16942,19.861831%,68.048359%,12.089810%
234,16943,11.666667%,65.555556%,22.777778%
235,16946,21.849234%,60.895171%,17.255595%
236,16947,25.975414%,61.170497%,12.854089%
237,16950,17.916186%,63.091119%,18.992695%
238,17724,20.416922%,66.217045%,13.366033%
239,17727,36.619718%,52.112676%,11.267606%
240,17765,21.733506%,63.777490%,14.489004%
241,17527,18.571816%,53.923432%,27.504752%
242,19073,64.523810%,32.521008%,2.955182%
243,19087,79.087180%,18.370851%,2.541969%
244,19301,69.407895%,27.878289%,2.713816%
245,19310,26.183996%,53.402286%,20.413718%
246,19311,41.518501%,35.239468%,23.242031%
247,19312,84.573140%,13.667000%,1.759860%
248,19316,29.090909%,40.000000%,30.909091%
249,19317,72.272861%,26.595119%,1.132020%
250,19319,14.000000%,86.000000%,0.000000%
251,19320,36.050715%,53.166880%,10.782406%
252,19330,35.877262%,55.179649%,8.943089%
253,19333,76.449352%,21.193459%,2.357188%
254,19335,61.957640%,33.921331%,4.121029%
255,19341,67.276036%,30.176193%,2.547771%
256,19342,62.245049%,35.486255%,2.268696%
257,19343,61.744966%,35.146591%,3.108442%
258,19344,31.932021%,53.296703%,14.771275%
259,19345,56.126482%,33.201581%,10.671937%
260,19348,54.557547%,29.828340%,15.614113%
261,19350,62.440686%,32.035527%,5.523786%
262,19352,48.833510%,42.435490%,8.731000%
263,19355,70.470418%,26.176046%,3.353535%
264,19358,18.703242%,48.877805%,32.418953%
265,19362,25.473411%,59.403372%,15.123217%
266,19363,33.961744%,49.871253%,16.167004%
267,19365,27.823344%,60.483701%,11.692955%
268,19367,100.000000%,0.000000%,0.000000%
269,19372,49.110923%,49.195597%,1.693480%
270,19373,41.903367%,42.723280%,15.373353%
271,19374,4.561404%,43.333333%,52.105263%
272,19375,56.862745%,43.137255%,0.000000%
273,19380,62.281439%,33.086752%,4.631809%
274,19382,64.699272%,31.306009%,3.994719%
275,19383,100.000000%,0.000000%,0.000000%
276,19390,46.267986%,40.197842%,13.534173%
277,19425,79.977445%,18.248924%,1.773631%
278,19442,Not applicable,Not applicable,Not applicable
279,19457,53.086420%,46.913580%,0.000000%
280,19460,59.049010%,36.133431%,4.817559%
281,19465,47.407468%,48.033963%,4.558569%
282,19475,42.054040%,48.981944%,8.964016%
283,19520,41.515651%,49.823488%,8.660861%
284,19543,42.817818%,48.298298%,8.883884%
285,17007,51.503106%,45.118012%,3.378882%
286,17011,46.275276%,44.715478%,9.009246%
287,17013,39.055705%,51.319114%,9.625181%
288,17015,36.904454%,58.033402%,5.062144%
289,17019,37.788513%,54.205966%,8.005521%
290,17025,38.128714%,52.380952%,9.490334%
291,17027,65.079365%,34.920635%,0.000000%
292,17043,44.288873%,51.535249%,4.175878%
293,17050,55.028515%,40.220256%,4.751229%
294,17053,28.976506%,62.570888%,8.452606%
295,17055,47.560747%,46.775829%,5.663424%
296,17065,26.491170%,62.745751%,10.763079%
297,17070,41.691215%,50.693121%,7.615665%
298,17072,59.756098%,40.243902%,0.000000%
299,17081,24.107143%,75.892857%,0.000000%
300,17093,9.642857%,67.619048%,22.738095%
301,17240,20.191055%,57.881025%,21.927920%
302,17241,19.908154%,62.951471%,17.140375%
303,17257,26.961432%,55.863270%,17.175297%
304,17266,16.891892%,68.918919%,14.189189%
305,17307,27.288095%,60.806568%,11.905337%
306,17324,18.357488%,63.630090%,18.012422%
307,15711,19.877676%,73.700306%,6.422018%
308,15715,27.371274%,67.208672%,5.420054%
309,15730,21.428571%,59.523810%,19.047619%
310,15733,28.395062%,67.901235%,3.703704%
311,15744,33.644860%,53.271028%,13.084112%
312,15764,26.446281%,62.809917%,10.743802%
313,15767,24.822134%,61.403162%,13.774704%
314,15770,15.822785%,43.037975%,41.139241%
315,15776,14.583333%,62.500000%,22.916667%
316,15778,13.157895%,78.070175%,8.771930%
317,15780,14.754098%,81.147541%,4.098361%
318,15781,70.000000%,30.000000%,0.000000%
319,15784,21.739130%,73.913043%,4.347826%
320,15823,29.189687%,63.443831%,7.366483%
321,15824,28.268156%,62.988827%,8.743017%
322,15825,26.641566%,62.981928%,10.376506%
323,15828,30.508475%,59.745763%,9.745763%
324,15829,27.777778%,65.858586%,6.363636%
325,15840,23.702186%,70.423497%,5.874317%
326,15847,3.846154%,70.329670%,25.824176%
327,15851,20.188801%,69.427162%,10.384038%
328,15853,29.131653%,64.037923%,6.830424%
329,15860,23.349057%,66.155660%,10.495283%
330,15863,7.177033%,77.511962%,15.311005%
331,15864,25.956062%,64.768104%,9.275834%
332,15865,25.945946%,61.081081%,12.972973%
333,16217,34.246575%,60.273973%,5.479452%
334,16222,20.432099%,63.024691%,16.543210%
335,16240,13.367347%,72.653061%,13.979592%
336,15001,36.730269%,55.533391%,7.736340%
337,15003,30.152718%,60.952963%,8.894319%
338,15005,39.221027%,54.936674%,5.842299%
339,15009,48.067979%,45.402504%,6.529517%
340,15010,35.658559%,56.402019%,7.939422%
341,15026,30.673617%,63.191660%,6.134723%
342,15027,33.227647%,58.084971%,8.687381%
343,15042,39.840025%,53.237963%,6.922012%
344,15043,28.993711%,64.779874%,6.226415%
345,15050,37.464142%,56.167527%,6.368330%
346,15052,30.000000%,65.097276%,4.902724%
347,15059,18.376068%,63.639601%,17.984330%
348,15061,36.476673%,55.644806%,7.878521%
349,15066,27.582393%,61.501880%,10.915727%
350,15074,26.080247%,65.154321%,8.765432%
351,15077,21.428571%,56.250000%,22.321429%
352,15081,21.739130%,67.701863%,10.559006%
353,15143,66.413662%,30.114555%,3.471783%
354,16037,40.567201%,53.020962%,6.411837%
355,16063,50.832819%,42.751388%,6.415793%
356,16115,29.853398%,62.283430%,7.863172%
357,16117,33.648439%,57.411784%,8.939777%
358,16120,27.801418%,59.078014%,13.120567%
359,16123,38.711776%,51.984385%,9.303839%
360,16136,28.388278%,64.285714%,7.326007%
361,16141,31.231454%,55.489614%,13.278932%
362,16157,23.203194%,68.056788%,8.740018%
363,17003,30.038023%,58.948941%,11.013036%
364,17010,0.000000%,48.529412%,51.470588%
365,17016,19.434194%,76.506765%,4.059041%
366,17026,21.986651%,63.643502%,14.369847%
367,17028,28.866366%,59.234234%,11.899399%
368,17033,56.524957%,36.962421%,6.512622%
369,17038,23.011557%,67.590075%,9.398368%
370,17039,12.000000%,34.666667%,53.333333%
371,17041,41.111111%,58.888889%,0.000000%
372,17042,31.094604%,57.178046%,11.727350%
373,17046,17.543266%,61.882433%,20.574301%
374,17064,63.826367%,31.350482%,4.823151%
375,17067,19.512446%,60.985394%,19.502160%
376,17073,16.196355%,60.052910%,23.750735%
377,17077,0.000000%,100.000000%,0.000000%
378,17078,40.896267%,52.253789%,6.849944%
379,17083,0.000000%,100.000000%,0.000000%
380,17087,20.202532%,63.037975%,16.759494%
381,17088,19.099379%,60.093168%,20.807453%
382,17545,29.570313%,57.180990%,13.248698%
383,17963,22.879684%,63.859809%,13.260507%
384,19551,28.772803%,60.392482%,10.834715%
385,16110,18.215613%,69.144981%,12.639405%
386,16111,13.892078%,51.090700%,35.017222%
387,16125,27.988886%,62.670589%,9.340525%
388,16131,32.229965%,57.665505%,10.104530%
389,16134,27.201365%,59.829352%,12.969283%
390,16314,21.652720%,65.010460%,13.336820%
391,16316,32.141165%,58.834676%,9.024159%
392,16317,17.448405%,72.232645%,10.318949%
393,16327,24.060495%,64.940422%,10.999083%
394,16328,2.985075%,85.074627%,11.940299%
395,16335,35.070460%,56.729593%,8.199947%
396,16354,23.394557%,64.633329%,11.972114%
397,16360,20.062696%,71.368861%,8.568443%
398,16401,14.985591%,69.241114%,15.773295%
399,16403,30.006277%,57.878217%,12.115505%
400,16404,18.305392%,59.990938%,21.703670%
401,16406,23.671282%,62.170612%,14.158106%
402,16407,25.741664%,63.691258%,10.567078%
403,16412,47.856505%,46.501935%,5.641560%
404,16422,56.521739%,35.403727%,8.074534%
405,16424,22.938444%,65.795587%,11.265970%
406,16433,28.053940%,62.162877%,9.783184%
407,16434,16.900549%,58.084198%,25.015253%
408,16435,19.198791%,65.079365%,15.721844%
409,16438,24.511386%,64.030841%,11.457773%
410,16440,24.728261%,66.576087%,8.695652%
411,16441,30.964686%,62.159058%,6.876256%
412,17810,14.828897%,69.781869%,15.389234%
413,17829,14.012739%,68.152866%,17.834395%
414,17835,14.077670%,73.300971%,12.621359%
415,17837,41.763590%,42.868927%,15.367483%
416,17844,25.680272%,57.681406%,16.638322%
417,17845,15.373864%,65.688330%,18.937806%
418,17855,30.362117%,63.231198%,6.406685%
419,17856,17.007940%,74.091099%,8.900961%
420,17870,33.219796%,53.346023%,13.434182%
421,17880,15.000000%,41.250000%,43.750000%
422,17885,13.333333%,86.666667%,0.000000%
423,17886,28.478544%,60.208062%,11.313394%
424,17887,0.000000%,75.206612%,24.793388%
425,17889,35.360000%,51.093333%,13.546667%
426,18405,27.896104%,62.649351%,9.454545%
427,18415,46.721311%,43.208431%,10.070258%
428,18417,24.805195%,65.714286%,9.480519%
429,18421,26.182965%,64.064143%,9.752892%
430,18424,33.671347%,58.658346%,7.670307%
431,18427,0.000000%,100.000000%,0.000000%
432,18428,30.620155%,61.295681%,8.084164%
433,18431,30.064668%,60.493827%,9.441505%
434,18436,30.702588%,61.119915%,8.177496%
435,18437,43.604651%,54.069767%,2.325581%
436,18438,38.713080%,53.270042%,8.016878%
437,18439,27.380952%,65.178571%,7.440476%
438,18443,16.712329%,81.095890%,2.191781%
439,18444,36.818049%,55.246523%,7.935427%
440,18445,30.740741%,60.158730%,9.100529%
441,18453,24.179830%,68.894289%,6.925881%
442,18454,0.000000%,0.000000%,100.000000%
443,18455,11.666667%,78.333333%,10.000000%
444,18456,15.654952%,71.565495%,12.779553%
445,18459,24.390244%,48.780488%,26.829268%
446,18460,34.586466%,51.127820%,14.285714%
447,18461,17.532468%,68.181818%,14.285714%
448,18462,32.475884%,51.768489%,15.755627%
449,18463,24.309392%,71.270718%,4.419890%
450,18465,30.259067%,57.409326%,12.331606%
451,18469,17.793594%,76.512456%,5.693950%
452,18470,34.496920%,57.357974%,8.145106%
453,18472,16.057181%,66.855053%,17.087766%
454,18473,36.388140%,56.873315%,6.738544%
455,18847,23.731307%,64.255945%,12.012748%
456,17756,29.785389%,55.560373%,14.654238%
457,17774,19.721116%,65.737052%,14.541833%
458,17814,24.644412%,65.428157%,9.927431%
459,17815,33.901739%,56.964376%,9.133885%
460,17820,34.021901%,58.163265%,7.814833%
461,17821,36.629381%,53.736018%,9.634601%
462,17824,36.512456%,56.192171%,7.295374%
463,17846,28.727273%,60.909091%,10.363636%
464,17859,20.534459%,65.072668%,14.392874%
465,17878,27.349624%,62.030075%,10.620301%
466,17888,22.926829%,63.414634%,13.658537%
467,17920,15.916955%,76.124567%,7.958478%
468,17921,21.655218%,65.996075%,12.348708%
469,17945,5.042017%,81.512605%,13.445378%
470,17985,25.161987%,65.658747%,9.179266%
471,18603,24.869986%,60.867707%,14.262307%
472,18631,26.082677%,60.039370%,13.877953%
473,18635,25.247694%,62.760506%,11.991800%
474,18655,24.769585%,64.239631%,10.990783%
475,17701,30.581113%,58.124979%,11.293908%
476,17731,62.121212%,37.878788%,0.000000%
477,17737,29.763561%,60.083449%,10.152990%
478,17758,18.672840%,70.524691%,10.802469%
479,17768,17.916667%,64.166667%,17.916667%
480,17774,19.721116%,65.737052%,14.541833%
481,17814,24.644412%,65.428157%,9.927431%
482,18614,20.835482%,69.881382%,9.283136%
483,18616,23.149905%,65.654649%,11.195446%
484,18619,22.330097%,66.504854%,11.165049%
485,18626,28.389831%,59.957627%,11.652542%
486,18628,27.835052%,62.371134%,9.793814%
487,18632,17.464789%,70.985915%,11.549296%
488,18833,16.561404%,73.614035%,9.824561%
489,16312,100.000000%,0.000000%,0.000000%
490,16313,15.224626%,69.883527%,14.891847%
491,16329,18.750000%,72.395833%,8.854167%
492,16340,25.931131%,68.165847%,5.903022%
493,16345,35.212845%,57.430919%,7.356236%
494,16347,23.715651%,68.817204%,7.467145%
495,16350,20.923762%,68.336116%,10.740122%
496,16351,19.408181%,72.410792%,8.181027%
497,16352,15.979381%,73.195876%,10.824742%
498,16354,23.394557%,64.633329%,11.972114%
499,16365,33.087578%,59.241883%,7.670539%
500,16371,22.486211%,67.119219%,10.394569%
501,16402,25.800377%,60.640301%,13.559322%
502,16405,27.389706%,63.786765%,8.823529%
503,16407,25.741664%,63.691258%,10.567078%
504,16416,0.000000%,83.478261%,16.521739%
505,16420,16.363636%,63.434343%,20.202020%
506,16434,16.900549%,58.084198%,25.015253%
507,16436,25.641026%,70.000000%,4.358974%
508,16701,25.616587%,62.870997%,11.512415%
509,17814,24.644412%,65.428157%,9.927431%
510,17815,33.901739%,56.964376%,9.133885%
511,17878,27.349624%,62.030075%,10.620301%
512,18201,18.482783%,57.788306%,23.728911%
513,18202,22.071792%,59.930443%,17.997764%
514,18216,14.324693%,79.809004%,5.866303%
515,18219,53.433836%,44.137353%,2.428811%
516,18221,23.035230%,74.525745%,2.439024%
517,18222,43.020114%,51.801261%,5.178625%
518,18223,16.455696%,53.797468%,29.746835%
519,18224,23.442582%,66.549912%,10.007506%
520,18225,0.000000%,91.304348%,8.695652%
521,18234,42.052980%,54.966887%,2.980132%
522,18239,12.903226%,70.967742%,16.129032%
523,18241,12.385321%,72.247706%,15.366972%
524,18244,14.705882%,67.647059%,17.647059%
525,18246,2.439024%,73.170732%,24.390244%
526,18249,51.086957%,44.311594%,4.601449%
527,18251,0.000000%,100.000000%,0.000000%
528,18255,23.090178%,68.609994%,8.299828%
529,18256,31.746032%,66.666667%,1.587302%
530,18424,33.671347%,58.658346%,7.670307%
531,18602,66.831683%,32.178218%,0.990099%
532,18603,24.869986%,60.867707%,14.262307%
533,18610,20.372881%,73.254237%,6.372881%
534,18612,41.648690%,51.278891%,7.072419%
535,18615,26.514032%,66.174298%,7.311669%
536,18617,13.054608%,77.730375%,9.215017%
537,18618,42.362598%,48.037116%,9.600286%
538,18621,20.439292%,66.605654%,12.955054%
539,18622,26.219512%,51.829268%,21.951220%
540,18634,26.617752%,61.398145%,11.984103%
541,18635,25.247694%,62.760506%,11.991800%
542,18636,19.563153%,70.465337%,9.971510%
543,18640,26.861042%,61.879653%,11.259305%
544,18641,32.105701%,60.008323%,7.885976%
545,18642,38.195303%,54.635352%,7.169345%
546,18643,35.840708%,55.508850%,8.650442%
547,18644,38.622590%,54.325069%,7.052342%
548,18651,22.777406%,64.522059%,12.700535%
549,18655,24.769585%,64.239631%,10.990783%
550,18656,32.460414%,60.109622%,7.429963%
551,18660,27.398844%,62.196532%,10.404624%
552,18661,27.461019%,64.347219%,8.191762%
553,18701,33.553174%,51.690025%,14.756801%
554,18702,27.035685%,58.150190%,14.814125%
555,18704,38.875949%,54.554865%,6.569186%
556,18705,25.888469%,62.013233%,12.098299%
557,18706,29.702016%,61.340929%,8.957055%
558,18707,46.616933%,48.204372%,5.178695%
559,18708,50.412718%,45.337817%,4.249465%
560,18709,27.750557%,57.594655%,14.654788%
561,17045,24.376731%,58.448753%,17.174515%
562,17063,15.689655%,64.870690%,19.439655%
563,17086,15.921963%,67.400881%,16.677155%
564,17812,15.434783%,63.804348%,20.760870%
565,17813,19.863014%,65.547945%,14.589041%
566,17827,30.581614%,59.849906%,9.568480%
567,17841,17.482100%,60.590692%,21.927208%
568,17842,20.686159%,65.455467%,13.858374%
569,17853,12.358491%,55.471698%,32.169811%
570,17861,63.414634%,36.585366%,0.000000%
571,17862,12.953368%,77.979275%,9.067358%
572,17864,15.461704%,48.604152%,35.934145%
573,17870,33.219796%,53.346023%,13.434182%
574,17876,30.929487%,61.298077%,7.772436%
575,17889,35.360000%,51.093333%,13.546667%
576,15832,18.750000%,64.453125%,16.796875%
577,15834,25.960637%,62.168072%,11.871290%
578,15861,16.949153%,63.559322%,19.491525%
579,16720,12.273212%,73.212380%,14.514408%
580,16038,25.197472%,61.927330%,12.875197%
581,16127,40.214962%,50.952432%,8.832606%
582,16153,28.025478%,62.154989%,9.819533%
583,16232,27.751835%,61.607738%,10.640427%
584,16301,27.306273%,63.995783%,8.697944%
585,16311,29.133858%,62.729659%,8.136483%
586,16314,21.652720%,65.010460%,13.336820%
587,16317,17.448405%,72.232645%,10.318949%
588,16319,21.505376%,72.150538%,6.344086%
589,16323,24.673160%,63.156971%,12.169869%
590,16341,26.214286%,65.428571%,8.357143%
591,16342,18.269778%,62.492886%,19.237336%
592,16343,34.782609%,57.453416%,7.763975%
593,16344,16.802168%,73.170732%,10.027100%
594,16346,26.353039%,62.073272%,11.573689%
595,16353,22.583779%,60.903351%,16.512870%
596,16354,23.394557%,64.633329%,11.972114%
597,16362,21.395881%,64.759725%,13.844394%
598,16364,21.040189%,66.430260%,12.529551%
599,16372,20.886076%,68.987342%,10.126582%
600,16373,25.884460%,64.532020%,9.583520%
601,16374,23.246753%,65.389610%,11.363636%
602,18030,23.662885%,67.909238%,8.427877%
603,18058,26.511565%,64.155282%,9.333153%
604,18071,24.302264%,58.464982%,17.232754%
605,18201,18.482783%,57.788306%,23.728911%
606,18210,29.302853%,66.616286%,4.080862%
607,18211,26.528777%,69.694245%,3.776978%
608,18212,32.558140%,48.837209%,18.604651%
609,18216,14.324693%,79.809004%,5.866303%
610,18229,28.807592%,62.574621%,8.617787%
611,18230,10.294118%,82.352941%,7.352941%
612,18232,22.778382%,61.189699%,16.031919%
613,18235,27.291285%,61.354357%,11.354357%
614,18237,18.922470%,71.747700%,9.329829%
615,18240,24.783862%,66.246398%,8.969741%
616,18244,14.705882%,67.647059%,17.647059%
617,18250,31.593794%,63.281617%,5.124589%
618,18254,20.086083%,75.466284%,4.447633%
619,18255,23.090178%,68.609994%,8.299828%
620,18610,20.372881%,73.254237%,6.372881%
621,18624,45.522388%,54.477612%,0.000000%
622,18661,27.461019%,64.347219%,8.191762%
623,15012,36.193242%,57.963745%,5.843013%
624,15401,27.221986%,61.648914%,11.129101%
625,15410,15.866084%,71.033479%,13.100437%
626,15413,28.503563%,60.332542%,11.163895%
627,15417,28.617886%,62.552846%,8.829268%
628,15420,18.571429%,65.714286%,15.714286%
629,15421,100.000000%,0.000000%,0.000000%
630,15422,0.000000%,57.471264%,42.528736%
631,15424,21.320755%,63.962264%,14.716981%
632,15425,24.850587%,63.137313%,12.012101%
633,15428,19.428200%,71.474984%,9.096816%
634,15430,13.725490%,82.843137%,3.431373%
635,15431,19.965577%,64.647160%,15.387263%
636,15433,22.005208%,70.312500%,7.682292%
637,15435,7.223476%,79.006772%,13.769752%
638,15436,19.381107%,68.295331%,12.323561%
639,15437,30.892212%,60.495101%,8.612687%
640,15438,29.735525%,61.115082%,9.149392%
641,15440,18.709677%,81.290323%,0.000000%
642,15442,24.810765%,59.714045%,15.475189%
643,15443,15.231788%,63.576159%,21.192053%
644,15444,0.000000%,66.546763%,33.453237%
645,15445,24.090909%,65.656566%,10.252525%
646,15446,38.818565%,61.181435%,0.000000%
647,15447,9.090909%,63.636364%,27.272727%
648,15449,34.770115%,51.724138%,13.505747%
649,15450,1.604870%,64.084117%,34.311013%
650,15451,15.754339%,69.692924%,14.552737%
651,15454,0.000000%,70.270270%,29.729730%
652,15455,11.671088%,70.557029%,17.771883%
653,15456,16.362786%,67.274427%,16.362786%
654,15458,22.263948%,58.261803%,19.474249%
655,15459,12.391681%,69.670711%,17.937608%
656,15460,13.793103%,62.068966%,24.137931%
657,15461,17.117117%,69.035702%,13.847181%
658,15462,22.591362%,55.481728%,21.926910%
659,15463,Not applicable,Not applicable,Not applicable
660,15464,23.211169%,62.303665%,14.485166%
661,15466,14.420063%,73.981191%,11.598746%
662,15467,7.964602%,69.911504%,22.123894%
663,15468,23.883067%,61.831219%,14.285714%
664,15469,15.435835%,65.254237%,19.309927%
665,15470,16.237942%,78.135048%,5.627010%
666,15472,20.353982%,33.185841%,46.460177%
667,15473,34.590554%,57.186544%,8.222902%
668,15474,24.626866%,61.567164%,13.805970%
669,15475,19.662244%,67.913148%,12.424608%
670,15476,0.000000%,50.724638%,49.275362%
671,15478,18.408941%,68.967784%,12.623274%
672,15480,22.944694%,65.994021%,11.061286%
673,15482,22.834646%,68.503937%,8.661417%
674,15484,38.043478%,42.391304%,19.565217%
675,15486,21.487603%,68.949233%,9.563164%
676,15489,3.240741%,78.703704%,18.055556%
677,15490,23.867596%,76.132404%,0.000000%
678,15492,9.433962%,59.433962%,31.132075%
679,15557,24.802528%,65.284360%,9.913112%
680,15610,31.401475%,56.410256%,12.188268%
681,15622,32.126697%,51.131222%,16.742081%
682,15631,26.301370%,65.479452%,8.219178%
683,15666,30.138765%,60.309989%,9.551246%
684,15683,32.445726%,61.363636%,6.190638%
685,15613,30.163781%,62.302293%,7.533926%
686,15618,21.685393%,67.584270%,10.730337%
687,15656,35.151263%,56.841521%,8.007216%
688,15673,22.838137%,64.190687%,12.971175%
689,15686,18.783542%,67.799642%,13.416816%
690,15690,23.404932%,65.966587%,10.628481%
691,15732,19.552110%,68.475452%,11.972438%
692,15736,30.639098%,64.285714%,5.075188%
693,15774,32.579787%,59.219858%,8.200355%
694,16025,25.658063%,67.927421%,6.414516%
695,16028,21.705426%,66.243834%,12.050740%
696,16041,17.269625%,68.600683%,14.129693%
697,16049,17.568807%,70.137615%,12.293578%
698,16055,36.288089%,59.879963%,3.831948%
699,16201,28.136068%,60.788076%,11.075856%
700,16210,12.839879%,66.314199%,20.845921%
701,16212,20.253165%,67.932489%,11.814346%
702,16218,16.841004%,70.815900%,12.343096%
703,16222,20.432099%,63.024691%,16.543210%
704,16223,9.482759%,87.931034%,2.586207%
705,16224,22.197309%,58.968610%,18.834081%
706,16226,28.147372%,64.780863%,7.071765%
707,16228,18.820225%,73.876404%,7.303371%
708,16229,35.465116%,58.942414%,5.592470%
709,16236,8.115942%,61.739130%,30.144928%
710,16238,36.482085%,56.351792%,7.166124%
711,16240,13.367347%,72.653061%,13.979592%
712,16242,23.118767%,61.922031%,14.959202%
713,16244,11.445783%,80.722892%,7.831325%
714,16245,5.521472%,77.914110%,16.564417%
715,16249,31.285714%,59.571429%,9.142857%
716,16250,4.954955%,58.558559%,36.486486%
717,16253,3.750000%,78.750000%,17.500000%
718,16259,13.992674%,73.333333%,12.673993%
719,16262,26.784835%,64.057115%,9.158050%
720,16263,22.907489%,66.519824%,10.572687%
721,15829,27.777778%,65.858586%,6.363636%
722,15860,23.349057%,66.155660%,10.495283%
723,15864,25.956062%,64.768104%,9.275834%
724,16028,21.705426%,66.243834%,12.050740%
725,16036,34.131737%,55.089820%,10.778443%
726,16049,17.568807%,70.137615%,12.293578%
727,16054,17.391304%,64.214047%,18.394649%
728,16213,7.692308%,74.038462%,18.269231%
729,16214,43.976865%,46.769047%,9.254089%
730,16224,22.197309%,58.968610%,18.834081%
731,16230,13.636364%,65.384615%,20.979021%
732,16232,27.751835%,61.607738%,10.640427%
733,16233,29.501085%,61.062907%,9.436009%
734,16235,31.428571%,59.047619%,9.523810%
735,16240,13.367347%,72.653061%,13.979592%
736,16242,23.118767%,61.922031%,14.959202%
737,16248,19.812646%,66.651054%,13.536300%
738,16254,32.813142%,58.110883%,9.075975%
739,16255,24.980111%,65.234686%,9.785203%
740,16258,24.508427%,62.289326%,13.202247%
741,16260,31.223629%,59.493671%,9.282700%
742,16319,21.505376%,72.150538%,6.344086%
743,16326,25.249169%,72.757475%,1.993355%
744,16331,37.500000%,57.142857%,5.357143%
745,16332,8.333333%,70.833333%,20.833333%
746,16334,22.540984%,69.672131%,7.786885%
747,16353,22.583779%,60.903351%,16.512870%
748,16361,16.981132%,43.396226%,39.622642%
749,16364,21.040189%,66.430260%,12.529551%
750,16373,25.884460%,64.532020%,9.583520%
751,16930,32.700893%,60.267857%,7.031250%
752,16938,23.308271%,62.218045%,14.473684%
753,17701,30.581113%,58.124979%,11.293908%
754,17702,32.339047%,60.048590%,7.612363%
755,17723,28.571429%,48.571429%,22.857143%
756,17724,20.416922%,66.217045%,13.366033%
757,17727,36.619718%,52.112676%,11.267606%
758,17728,33.452250%,56.476400%,10.071350%
759,17737,29.763561%,60.083449%,10.152990%
760,17739,9.523810%,80.952381%,9.523810%
761,17740,28.278593%,60.179362%,11.542045%
762,17742,50.000000%,27.777778%,22.222222%
763,17744,23.159636%,63.110008%,13.730356%
764,17745,28.963334%,59.210411%,11.826255%
765,17752,24.263992%,63.992236%,11.743772%
766,17754,41.654949%,49.691725%,8.653326%
767,17756,29.785389%,55.560373%,14.654238%
768,17758,18.672840%,70.524691%,10.802469%
769,17762,36.103896%,58.961039%,4.935065%
770,17763,24.590164%,57.377049%,18.032787%
771,17765,21.733506%,63.777490%,14.489004%
772,17771,25.332226%,62.541528%,12.126246%
773,17774,19.721116%,65.737052%,14.541833%
774,17776,12.449799%,75.502008%,12.048193%
775,17810,14.828897%,69.781869%,15.389234%
776,17814,24.644412%,65.428157%,9.927431%
777,17846,28.727273%,60.909091%,10.363636%
778,17026,21.986651%,63.643502%,14.369847%
779,17067,19.512446%,60.985394%,19.502160%
780,17087,20.202532%,63.037975%,16.759494%
781,17555,19.795627%,47.409696%,32.794677%
782,17569,33.110993%,54.135539%,12.753469%
783,18011,39.298515%,49.948797%,10.752688%
784,18031,56.456311%,40.970874%,2.572816%
785,18041,37.413148%,56.360235%,6.226617%
786,18056,9.440000%,76.000000%,14.560000%
787,18062,53.109780%,39.506242%,7.383978%
788,18070,12.838802%,81.597718%,5.563481%
789,18092,45.251397%,44.950580%,9.798023%
790,19464,33.684710%,54.922444%,11.392846%
791,19503,23.542601%,65.470852%,10.986547%
792,19504,35.890629%,58.667375%,5.441996%
793,19505,28.053517%,62.926198%,9.020285%
794,19506,31.115757%,55.179624%,13.704619%
795,19507,15.950920%,61.585654%,22.463426%
796,19508,32.868313%,57.224098%,9.907588%
797,19510,39.678097%,54.198740%,6.123163%
798,19511,0.000000%,55.294118%,44.705882%
799,19512,28.243852%,59.697952%,12.058196%
800,19518,41.526673%,50.761371%,7.711956%
801,19519,Not applicable,Not applicable,Not applicable
802,19520,41.515651%,49.823488%,8.660861%
803,19522,28.536152%,60.865271%,10.598578%
804,19523,6.896552%,93.103448%,0.000000%
805,19526,26.505007%,57.184220%,16.310773%
806,19529,36.635945%,53.494624%,9.869432%
807,19530,36.742003%,51.809312%,11.448685%
808,19533,25.112332%,58.062906%,16.824763%
809,19534,29.547038%,58.257840%,12.195122%
810,19535,32.432432%,67.567568%,0.000000%
811,19536,11.568123%,66.066838%,22.365039%
812,19538,0.000000%,0.000000%,100.000000%
813,19539,25.850547%,61.391252%,12.758202%
814,19540,38.097526%,53.783329%,8.119145%
815,19541,38.909334%,50.685848%,10.404818%
816,19542,Not applicable,Not applicable,Not applicable
817,19543,42.817818%,48.298298%,8.883884%
818,19544,22.580645%,70.967742%,6.451613%
819,19545,16.187990%,74.673629%,9.138381%
820,19547,37.479215%,56.069172%,6.451613%
821,19550,17.299578%,61.603376%,21.097046%
822,19551,28.772803%,60.392482%,10.834715%
823,19554,34.538153%,54.216867%,11.244980%
824,19555,25.719921%,61.538462%,12.741617%
825,19559,18.884120%,60.085837%,21.030043%
826,19560,22.240231%,63.155051%,14.604718%
827,19562,28.703704%,62.183236%,9.113060%
828,19564,7.619048%,80.952381%,11.428571%
829,19565,32.923684%,59.004703%,8.071613%
830,19567,29.079682%,54.219347%,16.700970%
831,19601,14.500254%,49.137494%,36.362253%
832,19602,13.420925%,51.221411%,35.357664%
833,19604,13.610759%,51.654697%,34.734544%
834,19605,28.934513%,60.863717%,10.201770%
835,19606,38.731483%,51.182975%,10.085541%
836,19607,39.535174%,50.613745%,9.851081%
837,19608,49.294691%,44.896127%,5.809182%
838,19609,40.988201%,51.622419%,7.389381%
839,19610,56.861683%,37.892741%,5.245576%
840,19611,25.549451%,58.272283%,16.178266%
841,15003,30.152718%,60.952963%,8.894319%
842,15005,39.221027%,54.936674%,5.842299%
843,15006,56.074766%,43.925234%,0.000000%
844,15007,50.420168%,49.579832%,0.000000%
845,15014,28.662132%,63.673469%,7.664399%
846,15015,76.304348%,21.413043%,2.282609%
847,15017,47.836028%,46.398824%,5.765148%
848,15018,21.915584%,72.889610%,5.194805%
849,15020,41.818182%,55.909091%,2.272727%
850,15024,42.084827%,51.493429%,6.421744%
851,15025,43.788739%,50.973374%,5.237887%
852,15026,30.673617%,63.191660%,6.134723%
853,15028,17.948718%,72.649573%,9.401709%
854,15030,34.313725%,56.740196%,8.946078%
855,15031,12.676056%,64.788732%,22.535211%
856,15034,27.068724%,67.461431%,5.469846%
857,15035,28.382838%,67.062706%,4.554455%
858,15037,36.184451%,58.267429%,5.548120%
859,15044,62.507795%,34.389940%,3.102266%
860,15045,25.395349%,64.279070%,10.325581%
861,15046,41.928609%,51.944592%,6.126798%
862,15047,73.846154%,26.153846%,0.000000%
863,15049,29.775281%,61.516854%,8.707865%
864,15051,46.103896%,39.610390%,14.285714%
865,15056,40.625000%,49.884259%,9.490741%
866,15057,45.149912%,47.730437%,7.119651%
867,15063,34.825930%,57.058824%,8.115246%
868,15064,33.333333%,61.538462%,5.128205%
869,15065,35.634902%,58.429889%,5.935209%
870,15068,36.288019%,54.962159%,8.749822%
871,15071,49.014556%,45.845678%,5.139766%
872,15075,21.965318%,78.034682%,0.000000%
873,15076,30.332410%,44.459834%,25.207756%
874,15082,15.929204%,84.070796%,0.000000%
875,15084,31.002233%,61.948632%,7.049135%
876,15085,42.964780%,52.864903%,4.170317%
877,15086,50.234742%,49.765258%,0.000000%
878,15088,18.678161%,70.977011%,10.344828%
879,15089,31.056981%,61.852980%,7.090039%
880,15090,77.051173%,21.733317%,1.215510%
881,15101,59.020939%,36.893039%,4.086022%
882,15102,55.108402%,40.592199%,4.299400%
883,15104,22.078138%,65.120532%,12.801330%
884,15106,40.373145%,54.861978%,4.764877%
885,15108,53.133293%,39.923114%,6.943594%
886,15110,20.553360%,68.774704%,10.671937%
887,15112,32.671480%,59.296029%,8.032491%
888,15116,51.400622%,44.455313%,4.144064%
889,15120,36.827596%,55.781553%,7.390851%
890,15122,34.313592%,59.402293%,6.284116%
891,15126,49.662748%,41.510888%,8.826363%
892,15129,52.230459%,45.103394%,2.666146%
893,15131,37.420258%,57.522950%,5.056792%
894,15132,22.083828%,64.735732%,13.180440%
895,15133,25.747885%,67.216835%,7.035280%
896,15135,37.065637%,59.253539%,3.680824%
897,15136,35.732105%,54.986247%,9.281648%
898,15137,29.839142%,63.967828%,6.193029%
899,15139,55.689451%,38.502568%,5.807981%
900,15140,28.782453%,62.264996%,8.952551%
901,15142,74.062500%,24.583333%,1.354167%
902,15143,66.413662%,30.114555%,3.471783%
903,15144,31.948782%,62.148657%,5.902561%
904,15145,32.665211%,62.214725%,5.120064%
905,15146,49.420723%,45.706811%,4.872466%
906,15147,40.449944%,51.023622%,8.526434%
907,15148,20.934066%,69.340659%,9.725275%
908,15201,53.500898%,39.068422%,7.430680%
909,15202,48.656616%,45.721943%,5.621441%
910,15203,58.744933%,35.820447%,5.434619%
911,15204,33.098228%,57.509031%,9.392740%
912,15205,43.929548%,49.620407%,6.450046%
913,15206,53.427400%,39.371155%,7.201445%
914,15207,35.282392%,57.253599%,7.464009%
915,15208,52.154617%,38.783107%,9.062276%
916,15209,38.044985%,55.154035%,6.800981%
917,15210,26.457575%,61.562588%,11.979838%
918,15211,51.177885%,43.329327%,5.492788%
919,15212,39.455038%,50.109409%,10.435553%
920,15213,66.466057%,26.564757%,6.969186%
921,15214,37.387615%,53.965047%,8.647338%
922,15215,56.872510%,36.686587%,6.440903%
923,15216,52.264767%,41.810626%,5.924607%
924,15217,76.318229%,20.952626%,2.729145%
925,15218,57.375961%,38.649085%,3.974955%
926,15219,26.540448%,59.345955%,14.113597%
927,15220,55.497616%,39.094160%,5.408224%
928,15221,45.734205%,47.250545%,7.015251%
929,15222,76.654412%,21.948529%,1.397059%
930,15223,38.986616%,54.913958%,6.099426%
931,15224,49.622166%,44.044620%,6.333213%
932,15225,32.372506%,57.760532%,9.866962%
933,15226,40.565665%,51.077927%,8.356408%
934,15227,39.428983%,51.060461%,9.510557%
935,15228,76.782334%,21.230284%,1.987382%
936,15229,51.085468%,43.457853%,5.456679%
937,15232,84.481143%,13.199813%,2.319044%
938,15233,26.149188%,61.354253%,12.496559%
939,15234,42.517429%,51.542355%,5.940216%
940,15235,44.296155%,50.810296%,4.893549%
